0 0.2504796875 0.4381953125 0.3073625 0.4973859375 0.3556625 0.44090937500000005 0.300521875 0.3854796875 0.2504796875 0.4381953125
0 0.2517484375 0.3279875 0.274715625 0.30769531250000004 0.23915625000000001 0.2717 0.2212703125 0.28974375 0.2517484375 0.3279875
0 0.3386328125 0.294584375 0.37147968750000004 0.258821875 0.30264531250000004 0.19364375 0.27325937499999997 0.224440625 0.3386328125 0.294584375
0 0.242646875 0.26908906250000003 0.277775 0.3026828125 0.29748437499999997 0.283875 0.2612140625 0.247265625 0.242646875 0.26908906250000003
0 0.7903609375 0.45079843750000004 0.8036234375 0.43876406250000005 0.7653453125 0.4006546875 0.753571875 0.41325 0.7903609375 0.45079843750000004
0 0.690478125 0.4508953125 0.7352953125 0.5062140625 0.7500203125 0.494590625 0.7021921875 0.4381109375 0.690478125 0.4508953125
0 0.65906875 0.4467703125 0.670440625 0.4659765625 0.685471875 0.45430937499999996 0.6701484375 0.433690625 0.65906875 0.4467703125
0 0.755078125 0.48410624999999996 0.7691046874999999 0.47200312499999997 0.76045 0.45995937500000006 0.748046875 0.4751265625 0.755078125 0.48410624999999996
0 0.770746875 0.4643078125 0.783728125 0.4526171875 0.7720734375 0.44225624999999996 0.761859375 0.45137031250000004 0.770746875 0.4643078125
0 0.9984375 0.5681703125 0.9984375 0.5507609375 0.967553125 0.558128125 0.967840625 0.5746687500000001 0.9984375 0.5681703125
0 0.9904515625 0.59983125 0.9876843750000001 0.5808609375 0.9629328125000001 0.58851875 0.96435625 0.6038984375 0.9904515625 0.59983125
0 0.9984375 0.618759375 0.9984375 0.6021109375 0.9391546875 0.61335 0.9408375 0.6295124999999999 0.9984375 0.618759375