0 0.436259375 0.99136875 0.4572265625 0.9732875 0.4514421875 0.9638843749999999 0.4593953125 0.9573750000000001 0.4673484375 0.9631609375 0.4731328125 0.9523125 0.4514421875 0.929890625 0.41529375 0.9707375 0.436259375 0.99136875
0 0.407190625 0.9300750000000001 0.41379374999999996 0.9315984374999999 0.4899890625 0.9315984374999999 0.48948125 0.9117796874999999 0.41023750000000003 0.9122890625 0.4100359375 0.9303234375 0.407190625 0.9300750000000001
0 0.48795781250000003 0.9092390625 0.48694218749999996 0.894503125 0.4188734375 0.891453125 0.41816250000000005 0.9047218750000001 0.48795781250000003 0.9092390625
0 0.4630671875 0.887896875 0.45849531250000003 0.87214375 0.41988906249999997 0.871634375 0.41613125 0.8880593749999999 0.4630671875 0.887896875
0 0.4010953125 0.9000921875 0.401603125 0.8828140624999999 0.37620468749999997 0.8817984375 0.37468124999999997 0.8961874999999999 0.4010953125 0.9000921875
0 0.396015625 0.8726515625 0.396015625 0.8594390625000001 0.37315624999999997 0.8604546875000001 0.3714296875 0.876275 0.396015625 0.8726515625
0 0.9824718750000001 0.7839140625 0.9984375 0.7597437499999999 0.9485796875 0.7164375 0.930996875 0.7364515625 0.9824718750000001 0.7839140625
0 0.90059375 0.6862250000000001 0.925425 0.662390625 0.91368125 0.6529906249999999 0.8923390625 0.6747062500000001 0.90059375 0.6862250000000001
0 0.865359375 0.6872328125 0.8962312499999999 0.655340625 0.8871703125 0.6435921875 0.8528765625 0.6747062500000001 0.865359375 0.6872328125
0 0.8609305859375 0.6439037390625 0.823078125 0.6761546875 0.8365 0.68521875 0.8700578125 0.6536625 0.8609305859375 0.6439037390625
0 0.8734125 0.6506421875 0.8828093750000001 0.6395640625000001 0.870728125 0.6305 0.8636156250000001 0.639003125 0.8734125 0.6506421875
0 0.8918687500000001 0.636878125 0.9133453125000001 0.6133796874999999 0.9042843749999999 0.60599375 0.8840171874999999 0.6282640625 0.8918687500000001 0.636878125
0 0.26492343749999997 0.385690625 0.2737734375 0.3744453125 0.25248593750000003 0.3610453125 0.244928125 0.36974687500000003 0.26492343749999997 0.385690625
0 0.25703125 0.354825 0.2560734375 0.35817343749999997 0.28549375 0.37923125 0.29290781250000003 0.368703125 0.2622921875 0.348603125 0.2582265625 0.3555421875 0.25703125 0.354825
0 0.2986484375 0.3665484375 0.3070203125 0.3550640625 0.2764046875 0.33400625 0.27018593750000003 0.3429578125 0.2986484375 0.3665484375
0 0.3086953125 0.35171406250000004 0.3185015625 0.3416640625 0.286928125 0.31965 0.28166718749999997 0.33013750000000003 0.3086953125 0.35171406250000004
0 0.29290781250000003 0.317496875 0.319696875 0.33975 0.330221875 0.32898125 0.3008015625 0.30696875 0.295253125 0.314446875 0.29290781250000003 0.317496875
0 0.560540625 0.6556 0.58549375 0.6839671875 0.6062890624999999 0.6586265625000001 0.5798234375 0.6363109375 0.5616765625 0.6531140625 0.560540625 0.6556
0 0.8282984375 0.07205937500000001 0.8469578125 0.055775 0.8020968749999999 0.018443750000000002 0.7965390625000001 0.0251953125 0.7850265624999999 0.014074999999999999 0.7768484375 0.024237500000000002 0.8282984375 0.07205937500000001
0 0.854103125 0.0434640625 0.8703796875 0.0307546875 0.8322687500000001 0 0.8191671875000001 0.00096875 0.8149609375000001 0.00518125 0.854103125 0.0434640625