0 0.2778984375 0.34302968749999996 0.27181875 0.34129375 0.2679109375 0.3456359375 0.31002968750000004 0.3716890625 0.34867499999999996 0.3347796875 0.306121875 0.3108984375 0.2778984375 0.34302968749999996
0 0.1849765625 0.2783328125 0.23491093749999997 0.31306875 0.2679109375 0.28050312499999996 0.21667343749999998 0.24620000000000003 0.1849765625 0.2783328125
0 0.21276562499999999 0.316109375 0.2327390625 0.33087187500000004 0.24098906250000002 0.32305625 0.22014687500000002 0.30829375 0.21276562499999999 0.316109375
0 0.20277812499999998 0.3273984375 0.22275312500000002 0.34216250000000004 0.227528125 0.3339109375 0.21102812499999998 0.3204515625 0.20277812499999998 0.3273984375
0 0.1150671875 0.2270953125 0.1823703125 0.2418578125 0.1828046875 0.22535781250000003 0.11897500000000001 0.21102812499999998 0.1150671875 0.2270953125
0 0.0985671875 0.2479375 0.1224484375 0.248371875 0.1228828125 0.2327390625 0.0985671875 0.23143750000000002 0.0985671875 0.2479375
0 0.059487500000000006 0.27659531249999997 0.13808125 0.281371875 0.137646875 0.264871875 0.06035625 0.2600953125 0.059487500000000006 0.27659531249999997
0 0.0738171875 0.298740625 0.11332968750000001 0.3000421875 0.1137640625 0.2831078125 0.07685625 0.2809375 0.0738171875 0.298740625
0 0.382825 0.19933125000000002 0.4120875 0.2192984375 0.4272359375 0.205528125 0.39418593749999997 0.1859046875 0.382825 0.19933125000000002
0 0.40726874999999996 0.22928281250000002 0.44926875 0.253725 0.45822031250000006 0.2464953125 0.41587500000000005 0.2210203125 0.40726874999999996 0.22928281250000002
0 0.3776609375 0.218265625 0.3976296875 0.234446875 0.4083015625 0.22205312500000002 0.3873015625 0.20724843750000002 0.3776609375 0.218265625
0 0.3934984375 0.243053125 0.4351546875 0.2712828125 0.4441046875 0.2606109375 0.39935 0.23203593749999998 0.3934984375 0.243053125
0 0.3590703125 0.2468390625 0.38110468750000004 0.26164375 0.388678125 0.2526921875 0.3690546875 0.2382328125 0.3590703125 0.2468390625
0 0.3518741390625 0.2522775171875 0.34048124999999996 0.2630203125 0.3693984375 0.2860859375 0.3817921875 0.2740375 0.3518741390625 0.2522775171875
0 0.322578125 0.2798890625 0.3483984375 0.301921875 0.361825 0.288840625 0.3332515625 0.267840625 0.322578125 0.2798890625
0 0.388334375 0.2588890625 0.409678125 0.27575781250000003 0.417596875 0.2671515625 0.3955640625 0.25131562500000004 0.388334375 0.2588890625
0 0.3590578125 0.31136718750000003 0.37048749999999997 0.31925 0.37561093749999996 0.31136718750000003 0.364575 0.303484375 0.3590578125 0.31136718750000003
0 0.3831125 0.28092812500000003 0.3943625 0.287490625 0.40279999999999994 0.27811718750000003 0.3887375 0.2696796875 0.3831125 0.28092812500000003
0 0.1331375 0.062228125 0.15231250000000002 0.0774234375 0.160634375 0.069825 0.1421828125 0.055353125 0.1331375 0.062228125
0 0.12156093750000001 0.07669843750000001 0.1595484375 0.1041953125 0.16823125 0.0955125 0.128796875 0.06693125 0.12156093750000001 0.07669843750000001
0 0.14941875 0.115771875 0.15593125000000002 0.108175 0.1183046875 0.07778437499999999 0.11106875000000001 0.08610625 0.14941875 0.115771875
0 0.12662656249999998 0.1197515625 0.1356703125 0.1117921875 0.1060046875 0.0882765625 0.096959375 0.096959375 0.12662656249999998 0.1197515625
0 0.2420828125 0.142665625 0.25088125 0.134428125 0.24283125 0.125628125 0.2332828125 0.134053125 0.2420828125 0.142665625
0 0.7531328125 0.78725625 0.7748109375000001 0.8025125 0.7591546874999999 0.8185703125 0.794884375 0.8478765625 0.8145546875 0.8314171874999999 0.8073296875 0.8237890625000001 0.8197749999999999 0.810540625 0.83181875 0.81134375 0.8543 0.782840625 0.794884375 0.7447015625 0.7531328125 0.78725625
0 0.8907234374999999 0.5465796875 0.9257875 0.5700765624999999 0.954346875 0.5332046874999999 0.9232578124999999 0.511153125 0.8907234374999999 0.5465796875
0 0.810109375 0.47428125000000004 0.8571046875 0.5082609375 0.882046875 0.482234375 0.8361375000000001 0.45150625 0.810109375 0.47428125000000004
0 0.5067109375000001 0.887434375 0.59828125 0.95688125 0.617025 0.9359859374999999 0.5254546875 0.8686906249999999 0.5067109375000001 0.887434375
0 0.49226875000000003 0.9421312500000001 0.5558765625000001 0.9906828125 0.5810734375 0.9639484375 0.515621875 0.915090625 0.49226875000000003 0.9421312500000001
0 0.0593 0.6193609375 0.08565625 0.6196906249999999 0.08433906249999999 0.5946515625 0.0579828125 0.59498125 0.0593 0.6193609375
0 0.933434375 0.9499703125 0.9452859374999999 0.953553125 0.948040625 0.9436312499999999 0.9378437500000001 0.940325 0.933434375 0.9499703125
0 0.9485921875000001 0.9444578124999999 0.9472140625 0.9598921875 0.9659546875 0.9659546875 0.9673328124999999 0.9557578124999999 0.971190625 0.9543796875 0.9714671875 0.9513484375000001 0.9516234375 0.9452859374999999 0.9485921875000001 0.9444578124999999
0 0.99185 0.994440625 0.9984375 0.9957359374999999 0.9984375 0.9797593750000001 0.9909874999999999 0.9797593750000001 0.99185 0.994440625
0 0.978896875 0.9984375 0.9711234375 0.9909874999999999 0.96766875 0.9896921875 0.9581703125000001 0.9984375 0.978896875 0.9984375