0 0.9143125 0.471409375 0.9214593750000001 0.481525 0.976653125 0.4356171875 0.96630625 0.425596875 0.914671875 0.47119375 0.9143125 0.471409375
0 0.86601875 0.382909375 0.8391203125000001 0.3575140625 0.8232375 0.3705546875 0.8498328125000001 0.3944765625 0.86601875 0.382909375
0 0.8672171875 0.38180000000000003 0.9068921874999999 0.349815625 0.881146875 0.323496875 0.8433984375 0.35488125 0.8672171875 0.38180000000000003
0 0.9087015624999999 0.3472734375 0.9247828124999999 0.33399843749999997 0.9001828125 0.3104953125 0.8844796875000001 0.3212234375 0.9087015624999999 0.3472734375
0 0.814746875 0.347934375 0.836853125 0.3298453125 0.80209375 0.2987765625 0.7943296875 0.3061953125 0.798853125 0.310184375 0.78629375 0.3205609375 0.814746875 0.347934375
0 0.7635468750000001 0.3437578125 0.7569171875 0.349628125 0.7845375 0.3724421875 0.81276875 0.3489453125 0.77832939375 0.3219269078125 0.76404375 0.3353375 0.772178125 0.342953125 0.767478125 0.3478609375 0.7635468750000001 0.3437578125
0 0.527846875 0.3489625 0.54495625 0.36335625 0.5538671875000001 0.35453437499999996 0.5454265625 0.3489 0.551025 0.3435875 0.5416218749999999 0.3359109375 0.527846875 0.3489625
0 0.56888125 0.3455703125 0.57880625 0.336953125 0.5632312500000001 0.3216375 0.5550296875 0.3299125 0.56888125 0.3455703125
0 0.584640625 0.3359296875 0.5991984375 0.32238125 0.5818890624999999 0.307353125 0.56985 0.3200328125 0.584640625 0.3359296875
0 0.606521875 0.320453125 0.6222984375 0.305565625 0.6152046875 0.2985125 0.6107078125000001 0.30324375 0.608253125 0.3010609375 0.612328125 0.296928125 0.60503125 0.29009687500000003 0.5908578125 0.303025 0.606521875 0.320453125
0 0.44505625000000004 0.2169125 0.5155578125 0.1584734375 0.5015468750000001 0.1462 0.49731875 0.1523203125 0.4877453125 0.141978125 0.493640625 0.13641406250000002 0.4822046875 0.127025 0.4096390625 0.183853125 0.44505625000000004 0.2169125
0 0.6364515625 0.2002734375 0.6462515625 0.1922171875 0.639396875 0.1847046875 0.6295546875 0.1927265625 0.6364515625 0.2002734375
0 0.649121875 0.189646875 0.6577734375000001 0.18175312500000002 0.6495921874999999 0.17425 0.6422984375 0.181440625 0.649121875 0.189646875
0 0.6603984374999999 0.17933125 0.6704749999999999 0.1708 0.6590640624999999 0.159834375 0.650765625 0.168134375 0.6603984374999999 0.17933125
0 0.6563703125 0.221865625 0.6666578125 0.21298750000000002 0.6483046875 0.19591562499999998 0.64018125 0.20321250000000002 0.6563703125 0.221865625
0 0.6697484375 0.21120624999999998 0.679646875 0.20289375 0.6609203124999999 0.185725 0.6534875 0.1926296875 0.6697484375 0.21120624999999998
0 0.682159375 0.1998484375 0.691671875 0.191909375 0.6732421875 0.17472812499999998 0.6652812499999999 0.18174218749999999 0.682159375 0.1998484375
0 0.6979203125 0.183871875 0.7040703125000001 0.17914375 0.6895234375 0.165278125 0.6855421875000001 0.169646875 0.6979203125 0.183871875
0 0.71149375 0.1726203125 0.717515625 0.167934375 0.6857234375 0.1374203125 0.6804015625 0.14152343750000002 0.71149375 0.1726203125
0 0.7213578125 0.1640859375 0.7287015625000001 0.1589328125 0.6972296874999999 0.1275546875 0.6915890625000001 0.13366093750000002 0.7213578125 0.1640859375
0 0.5308312500000001 0.12269843750000001 0.5549046875 0.1043984375 0.569659375 0.1191953125 0.625378125 0.0753328125 0.592296875 0.0503296875 0.6043062499999999 0.0401984375 0.6244671875 0.058335937500000004 0.6436203125 0.040759375 0.6197515625000001 0.01925 0.5541921875 0.07215 0.569546875 0.08715625 0.5528046875 0.10066562500000001 0.5373421875 0.084675 0.5151734375 0.10303437499999998 0.5308312500000001 0.12269843750000001
0 0.5080296875 0.0823609375 0.5429984375 0.054826562499999995 0.5282453125 0.040254687500000004 0.5130546875 0.0509578125 0.5064031250000001 0.0447046875 0.5224328125000001 0.0332890625 0.5130375 0.02449375 0.47765312499999996 0.05211249999999999 0.5080296875 0.0823609375
0 0.5456859374999999 0 0.5312546874999999 0.0095296875 0.5640453125 0.040067187500000004 0.5910234375 0.0202875 0.5716265625 0 0.5456859374999999 0
0 0.09010312499999999 0.1059328125 0.1120171875 0.0925234375 0.0922734375 0.06656406249999999 0.072728125 0.0805828125 0.09010312499999999 0.1059328125