0 0.1246921875 0.9049843750000001 0.1330484375 0.9184828125 0.1812546875 0.8786328125 0.17546875 0.8702765625 0.18639531250000002 0.8593500000000001 0.1761125 0.8503515625 0.12340625000000001 0.8992000000000001 0.1246921875 0.9049843750000001
0 0.09936874999999999 0.88095625 0.11314687500000001 0.89556875 0.1707640625 0.841709375 0.1540625 0.8287671874999999 0.0976984375 0.8813734375 0.09936874999999999 0.88095625
0 0.0947765625 0.87678125 0.1369453125 0.839621875 0.1206625 0.8204171875 0.0759875 0.8588281249999999 0.0947765625 0.87678125
0 0.17744374999999998 0.79035625 0.22504062500000002 0.7473515625 0.20917500000000003 0.7273109375 0.1611609375 0.7724031250000001 0.17744374999999998 0.79035625
0 0.20082499999999998 0.81331875 0.25927656250000003 0.7598765625 0.24132343750000002 0.7423421875 0.1866296875 0.793278125 0.20082499999999998 0.81331875
0 0.220865625 0.8262625 0.23005 0.8199984375 0.23464374999999998 0.8250093749999999 0.28224062499999997 0.7824234375 0.2634515625 0.7653046875 0.20917500000000003 0.81331875 0.220865625 0.8262625
0 0.973484375 0.9927906249999999 0.9979390625000001 0.9906453125000001 0.9984375 0.9537484375 0.96919375 0.9142765624999999 0.9322968749999999 0.941734375 0.973484375 0.9927906249999999
0 0.9610421875 0.8958281250000001 0.9984375 0.863221875 0.978203125 0.8426281250000001 0.94130625 0.8760921875 0.9610421875 0.8958281250000001
0 0.645903125 0.4477234375 0.6415421875 0.4336703125 0.5935718750000001 0.45353750000000004 0.600840625 0.470496875 0.645903125 0.4477234375
0 0.4501453125 0.45499062500000004 0.4511140625 0.471465625 0.555778125 0.4588671875 0.55723125 0.44917656250000004 0.56740625 0.4501453125 0.56740625 0.454021875 0.584365625 0.45450625 0.5809734375 0.43415625 0.6076234375 0.4297953125 0.6076234375 0.42446406249999996 0.6056859375 0.41768124999999995 0.4767953125 0.43221718750000004 0.47824999999999995 0.4496609375 0.452084375 0.45353750000000004 0.4501453125 0.45499062500000004
0 0.4918171875 0.429309375 0.5625609375 0.418165625 0.5615921875 0.4075046875 0.4918171875 0.41574218749999997 0.4918171875 0.429309375
0 0.7157265625 0.43157968750000003 0.750190625 0.40017812499999994 0.7321921875 0.384478125 0.6988765625 0.41626250000000004 0.7157265625 0.43157968750000003
0 0.6594328125 0.3906046875 0.6728359375 0.3779671875 0.6238187500000001 0.342353125 0.6115640625000001 0.3519265625 0.6594328125 0.3906046875
0 0.645646875 0.318228125 0.6632625 0.3343125 0.6785796875 0.323971875 0.6609640625 0.304825 0.6444984375 0.31707968750000004 0.645646875 0.318228125
0 0.6548375 0.3511609375 0.66900625 0.3611171875 0.6812609375 0.35154375 0.6686234375 0.3404390625 0.6609640625 0.34733125 0.6548375 0.3511609375
0 0.6831750000000001 0.3488640625 0.6912171875 0.3404390625 0.6770484375 0.3255046875 0.6659421875 0.33354531249999997 0.6831750000000001 0.3488640625
0 0.669771875 0.36265000000000003 0.7038546875 0.3940515625 0.7264484375 0.37222343750000003 0.6916 0.3419703125 0.6743671875 0.3611171875 0.669771875 0.36265000000000003
0 0.45816718749999996 0.37769375 0.5128296875 0.3237921875 0.4676578125 0.28469375 0.409959375 0.33897499999999997 0.45816718749999996 0.37769375
0 0.8769312499999999 0.2577203125 0.899234375 0.23696718749999998 0.8834359375 0.22147812500000003 0.8636109375000001 0.2431625 0.8769312499999999 0.2577203125
0 0.8478140625 0.2558625 0.8580359375000001 0.2444015625 0.8403796874999999 0.23108125 0.8338749999999999 0.2431625 0.8478140625 0.2558625
0 0.8109531249999999 0.220859375 0.8183859375000001 0.20877812499999998 0.8063062499999999 0.19948593750000002 0.79918125 0.21063749999999998 0.8109531249999999 0.220859375
0 0.8580359375000001 0.24006406249999998 0.8707359374999999 0.23139062500000002 0.8233421875 0.188953125 0.8128109374999999 0.198246875 0.8580359375000001 0.24006406249999998
0 0.7874109375 0.1647921875 0.8066156250000001 0.1843078125 0.8180765624999999 0.173465625 0.7948453125 0.1524015625 0.7877203125000001 0.16448281250000002 0.7874109375 0.1647921875
0 0.8248921875 0.17036875 0.832015625 0.1601453125 0.8103328125000001 0.14125000000000001 0.8032078125 0.14837499999999998 0.8248921875 0.17036875
0 0.8274703125 0.14879375 0.8476531250000001 0.1697671875 0.8611078125 0.15631250000000002 0.83459375 0.138109375 0.827075 0.149190625 0.8274703125 0.14879375
0 0.8021437499999999 0.13494375 0.81480625 0.1238640625 0.7966031250000001 0.11199218749999999 0.786709375 0.1195109375 0.8021437499999999 0.13494375
0 0.8167859375000001 0.136921875 0.8266781249999999 0.1448375 0.8361765625 0.1353390625 0.8243046875 0.1266328125 0.8175765625 0.1341515625 0.8167859375000001 0.136921875
0 0.8634812500000001 0.153146875 0.8729796875 0.140484375 0.8500265625000001 0.1234671875 0.8436953125000001 0.13494375 0.8634812500000001 0.153146875
0 0.956478125 0.173725 0.9675578125 0.1622484375 0.901471875 0.10447187499999999 0.891578125 0.1139703125 0.956478125 0.173725
0 0.850421875 0.07835468749999999 0.8876203125 0.1100125 0.897909375 0.0985359375 0.8607109375 0.0684609375 0.8539843749999999 0.0771671875 0.850421875 0.07835468749999999
0 0.8998890625 0.0926 0.9093859375 0.0815203125 0.8761453124999999 0.053423437500000004 0.86704375 0.064503125 0.8998890625 0.0926
0 0.8983062500000001 0.061734374999999994 0.9105734375000001 0.053423437500000004 0.8892046875 0.0391765625 0.8816843750000001 0.0478828125 0.8983062500000001 0.061734374999999994
0 0.9402531249999999 0.116740625 0.9485640625 0.10684687500000001 0.9252156250000001 0.0890390625 0.9176968750000001 0.1001203125 0.9402531249999999 0.116740625
0 0.9572687500000001 0.1001203125 0.9636015625000001 0.0933921875 0.9398578125 0.07360625 0.93075625 0.0838953125 0.9572687500000001 0.1001203125
0 0.9758687500000001 0.15829218750000001 0.9861578124999999 0.14800312499999999 0.9679546875 0.1333609375 0.9592484375 0.144440625 0.9758687500000001 0.15829218750000001
0 0.9948640624999999 0.14285781250000001 0.9984375 0.132965625 0.9873453124999999 0.120696875 0.980221875 0.1298 0.9948640624999999 0.14285781250000001
0 0.992884375 0.0166203125 0.979034375 0.0011875 0.9465843749999999 0.0011875 0.942628125 0.00751875 0.9782437500000001 0.040759375 0.992884375 0.0166203125
0 0.6885687500000001 0 0.6707609375 0.0003953125 0.7360562500000001 0.0601515625 0.742784375 0.0510484375 0.6885687500000001 0
0 0.709146875 0.0637125 0.7162703125000001 0.0747921875 0.7032109375 0.0870609375 0.7119171875 0.09576718749999999 0.7356609375 0.07558437500000001 0.7269546874999999 0.0660875 0.7305171875 0.062129687499999996 0.717853125 0.056589062499999995 0.7131046875 0.061734374999999994 0.709146875 0.0637125
0 0.09566406250000001 0.0328453125 0.1305625 0.0024640625 0.05748125 0.000821875 0.0968953125 0.0316140625 0.09566406250000001 0.0328453125
0 0.03613125 0.07144062500000001 0.0505015625 0.0751359375 0.0541953125 0.060765625000000004 0.0377734375 0.0570703125 0.03613125 0.07144062500000001
0 0.038593749999999996 0.089915625 0.0221703125 0.0890953125 0.0217609375 0.10264374999999999 0.050090625 0.104696875 0.0505015625 0.092790625 0.06528125 0.08868437500000001 0.0669234375 0.0817046875 0.0377734375 0.0763671875 0.038593749999999996 0.089915625
0 0 0.0570703125 0.0110859375 0.056659375 0.0176546875 0.030793749999999998 0 0.0283296875 0 0.0570703125