0 0.8803484375 0.8625984375 0.8526125 0.8936624999999999 0.8964359375000001 0.9385953125000001 0.933603125 0.8997640625000001 0.8836765625 0.8620421875 0.8803484375 0.8625984375
0 0.6753046875 0.7131546875 0.7262703125 0.7693671875 0.7644953125 0.7315171874999999 0.705284375 0.680175 0.6753046875 0.7131546875
0 0.568125 0.6292093750000001 0.5894859375 0.6513203125 0.6288343750000001 0.610471875 0.6041015625 0.5932328124999999 0.568125 0.6292093750000001
0 0.69995625 0.5886828125 0.7006218750000001 0.612003125 0.73626875 0.612003125 0.7359359375000001 0.5870171875 0.7042859375 0.5866828125 0.69995625 0.5886828125
0 0.6599765625 0.534378125 0.69129375 0.5307140625 0.6886281249999999 0.5153890624999999 0.657978125 0.5187203125 0.6599765625 0.534378125
0 0.650315625 0.5160546874999999 0.6822984375 0.5160546874999999 0.6822984375 0.4887359375 0.651315625 0.4897359375 0.650315625 0.5160546874999999
0 0.672303125 0.4847390625 0.6872953125000001 0.484071875 0.6886281249999999 0.45475468750000003 0.66830625 0.4564203125 0.672303125 0.4847390625
0 0.6892953125 0.462084375 0.7046203125 0.461084375 0.7032875 0.43509843750000005 0.6872953125000001 0.43543125 0.6892953125 0.462084375
0 0.7146140625 0.4914015625 0.727940625 0.49040156250000005 0.72294375 0.47074531249999996 0.707284375 0.4734109375 0.7146140625 0.4914015625
0 0.76125625 0.5503703125 0.7975703125 0.5500359375 0.7982359375 0.52171875 0.7632546875 0.5230515625 0.76125625 0.5503703125
0 0.8205578125 0.48840312499999994 0.8808578125000001 0.42543749999999997 0.8622015624999999 0.4114453125 0.8025671875 0.4724125 0.8205578125 0.48840312499999994
0 0.0016484375 0.30956875 0.0552359375 0.2514484375 0.0160765625 0.21352500000000002 0 0.2291890625 0.0016484375 0.30956875
0 0.9984375 0.156215625 0.9984375 0.09797343750000001 0.9966984374999999 0.0956578125 0.9716265625 0.1249734375 0.9984375 0.156215625