0 0.175459375 0.5800468750000001 0.22439843750000002 0.62575 0.2416703125 0.6088359375 0.19441875 0.5631062499999999 0.175459375 0.5800468750000001
0 0.10600781249999999 0.5311046875 0.14595156250000002 0.56673125 0.18625468750000002 0.5242671875 0.142153125 0.48826875000000003 0.10600781249999999 0.5311046875
0 0.2409515625 0.46956718750000004 0.2078453125 0.43897812500000005 0.17739375 0.4668875 0.21000468749999998 0.49979531250000003 0.2409515625 0.46956718750000004
0 0.23807187500000002 0.5145500000000001 0.29025 0.5652921875 0.3075234375 0.54118125 0.25816875 0.5001484375 0.23807187500000002 0.5145500000000001
0 0.287371875 0.5678109375 0.237353125 0.5174296875 0.19877499999999998 0.556375 0.24778906250000002 0.6070359375 0.287371875 0.5678109375
0 0.8619265625000001 0.599721875 0.7913718750000001 0.5359640625 0.75630625 0.57124375 0.7536734375 0.5736421875 0.8230359375 0.640315625 0.8619265625000001 0.599721875
0 0.9371499999999999 0.7374031249999999 0.9599703125 0.756275 0.9702828125 0.744425 0.9460109375 0.7253515625 0.9371499999999999 0.7374031249999999
0 0.9228859375 0.7547390625 0.9435125 0.7722953125 0.95360625 0.7591281249999999 0.932971875 0.7393562499999999 0.9228859375 0.7547390625
0 0.509821875 0.8717375 0.556440625 0.91224375 0.6233109375 0.838871875 0.5760484375 0.79810625 0.509821875 0.8717375
0 0.5350406249999999 0.9336453125 0.551090625 0.913009375 0.50330625 0.8716890625 0.48574687499999997 0.8874046874999999 0.5350406249999999 0.9336453125
0 0.596296875 0.9422406249999999 0.6013390625 0.948228125 0.5915703125 0.9564203125 0.6394640625 0.9984375 0.6867265625 0.9469671875 0.6393265625 0.8997421875 0.596296875 0.9422406249999999
0 0.6529125 0.79695 0.6626234375 0.7859921875 0.6471843749999999 0.7717968749999999 0.6392578125 0.7834171875 0.6529125 0.79695
0 0.61979375 0.7690578125 0.6494265625 0.7643265625 0.6479328125 0.741665625 0.6187078125000001 0.7464265625000001 0.61979375 0.7690578125
0 0.5953906250000001 0.7449015625000001 0.6539078125 0.7379296875 0.65440625 0.7152671875000001 0.5926765625 0.7214921875 0.5953906250000001 0.7449015625000001
0 0.6272640625 0.683890625 0.6566484375 0.6843874999999999 0.65615 0.6607296875 0.6280234375 0.6601140625 0.6272640625 0.683890625
0 0.5993734374999999 0.6896171875 0.582440625 0.6911125 0.5831875 0.71178125 0.5968843749999999 0.7100375 0.5968843749999999 0.714021875 0.68279375 0.711034375 0.682296875 0.688621875 0.5995265625 0.690803125 0.5993734374999999 0.6896171875
0 0.6830437500000001 0.6978359375000001 0.68279375 0.713525 0.6977359375 0.712778125 0.6978953125 0.6965578125 0.6830437500000001 0.6978359375000001
0 0.9813062499999999 0.645425 0.9984375 0.6266140625000001 0.9984375 0.5547875 0.9455375 0.6099625 0.9813062499999999 0.645425
0 0.5238343750000001 0.17309687499999998 0.5474484375 0.1499828125 0.53086875 0.13139218749999998 0.5080859375 0.1570484375 0.5238343750000001 0.17309687499999998
0 0.550715625 0.14345000000000002 0.5683 0.1246078125 0.553478125 0.1100359375 0.5346234375 0.1271921875 0.550715625 0.14345000000000002
0 0 0.8650156250000001 0.058165625 0.8043515625 0.02855625 0.77506875 0.0018859375 0.7979468749999999 0 0.8650156250000001
0 0.43659375 0.949940625 0.45853593750000005 0.9695609375 0.469378125 0.9561375 0.4468296875 0.936584375 0.43659375 0.949940625
0 0.42032968750000005 0.9656890625000001 0.4427890625 0.9858265625 0.45285624999999996 0.9711109375 0.43063906249999995 0.9530609374999999 0.42032968750000005 0.9656890625000001
0 0.32597343749999996 0.4400640625 0.35636718749999996 0.4678984375 0.367884375 0.4528625 0.3340796875 0.426 0.32597343749999996 0.4400640625
0 0.3634046875 0.396871875 0.3963578125 0.4266265625 0.40883437499999997 0.41446875 0.3763234375 0.38586875 0.3634046875 0.396871875
0 0.339090625 0.4224671875 0.37236250000000004 0.44998281249999994 0.39187812499999997 0.42790625000000004 0.36048125 0.4013578125 0.339090625 0.4224671875