0 0.0006640624999999999 0.833715625 0.0425515625 0.8713296875 0.05595 0.85720625 0.0007421875 0.8091171875000001 0.0006640624999999999 0.833715625
0 0.0011609375 0.8641453125 0.01925625 0.882865625 0.0294015625 0.8706078125 0 0.84545625 0.0011609375 0.8641453125
0 0 0.8933171874999999 0.00900625 0.9039265625 0.0181171875 0.8898765624999999 0 0.8743796875 0 0.8933171874999999
0 0.4479515625 0.8741875 0.46117656250000005 0.8568562500000001 0.4283328125 0.831540625 0.42891562499999997 0.8230546875 0.4664671875 0.8548328125 0.4735921875 0.8409796875 0.4214125 0.7979921875 0.39651562500000004 0.8305515625 0.4479515625 0.8741875
0 0.325521875 0.7632109375 0.3776515625 0.806115625 0.39465625000000004 0.7895765625 0.3419390625 0.7485968749999999 0.325521875 0.7632109375
0 0.39823437500000003 0.7767515625 0.420090625 0.753190625 0.37148593750000003 0.7149578125 0.3527203125 0.73623125 0.39823437500000003 0.7767515625
0 0.7754109375 0.8290296875 0.8128609375 0.8564828125 0.8236234375 0.8444156250000001 0.7873453125000001 0.8173703124999999 0.7754109375 0.8290296875
0 0.74940625 0.8629859375000001 0.7847234375000001 0.8897812500000001 0.8098265625 0.8614953125 0.7735953125 0.8310328124999999 0.74940625 0.8629859375000001
0 0.411890625 0.542721875 0.4498234375 0.5720828124999999 0.4673625 0.550396875 0.43086250000000004 0.5214859374999999 0.411890625 0.542721875
0 0.3851984375 0.5717140625 0.39823437500000003 0.5825328125 0.403271875 0.5762453125 0.41076875 0.58274375 0.40719374999999997 0.5900515625 0.42566875 0.6039078124999999 0.44633124999999996 0.5746734375 0.40820625 0.54771875 0.3851984375 0.5717140625
0 0.36669843750000003 0.5959921875 0.4036359375 0.6257890625 0.4217734375 0.6055906249999999 0.38555 0.574746875 0.36669843750000003 0.5959921875
0 0.1278796875 0.0369671875 0.10963750000000001 0.055295312500000006 0.15899375 0.0985375 0.17955625 0.07917031249999999 0.1277640625 0.035909375 0.1278796875 0.0369671875
0 0.1329546875 0.0324203125 0.1805109375 0.0751578125 0.2028546875 0.0500140625 0.15523437499999998 0.008428125 0.13305625000000001 0.0321296875 0.1329546875 0.0324203125
0 0.1517578125 0 0.20408125 0.046453125 0.2175328125 0.031575 0.183034375 0 0.1517578125 0
0 0.41884375 0.10265312499999998 0.42434374999999996 0.09655625 0.412046875 0.08463125 0.422521875 0.07118593749999999 0.401246875 0.055475 0.38914218749999996 0.0739046875 0.41884375 0.10265312499999998
0 0.3764484375 0.113215625 0.3854640625 0.12062500000000001 0.40106562500000004 0.0989015625 0.3879734375 0.093153125 0.3764484375 0.113215625
0 0.38797031249999997 0.12755624999999998 0.3971921875 0.1332296875 0.411328125 0.11487031249999999 0.40149687500000003 0.1074140625 0.38797031249999997 0.12755624999999998
0 0.332284375 0.0600640625 0.3598671875 0.0820765625 0.3650484375 0.07456874999999999 0.3752515625 0.081584375 0.37988125 0.074071875 0.37228125 0.06734375000000001 0.3759703125 0.061509375 0.3438796875 0.0359328125 0.332284375 0.0600640625
0 0.33473281250000003 0.030353124999999998 0.343434375 0.0372171875 0.360665625 0.0198 0.34797812499999997 0.008825 0.33473281250000003 0.030353124999999998
0 0.68846875 0.08828125 0.7191640625 0.11466406250000001 0.7269828125 0.1033515625 0.6949265625 0.0779546875 0.68846875 0.08828125
0 0.6597546875 0.115359375 0.7038249999999999 0.149625 0.7112078125 0.13991718749999998 0.667025 0.1061953125 0.6597546875 0.115359375
0 0.6741625 0.19908125000000002 0.7163140625 0.23418125 0.7248296875 0.22267968749999997 0.6813859375 0.188203125 0.6741625 0.19908125000000002
0 0.664890625 0.2188859375 0.6858796875000001 0.2369921875 0.6957984374999999 0.22662343749999997 0.6823078125 0.2169 0.6798453125 0.22216249999999998 0.6699546875 0.2133296875 0.664890625 0.2188859375
0 0.6411203125 0.22535625 0.6747687499999999 0.25448593750000004 0.684215625 0.24450781250000003 0.6469953125 0.2135234375 0.6411203125 0.22535625
0 0.9454874999999999 0.6592156250000001 0.9831203125 0.68500625 0.9984375 0.6643953125000001 0.9638984374999999 0.634053125 0.9454874999999999 0.6592156250000001
0 0.9974984375 0.6547015625 0.9984375 0.6406968749999999 0.9678765625000001 0.6158859375 0.9594625000000001 0.6248234375 0.9974984375 0.6547015625
0 0.9984375 0.601121875 0.9984375 0.581109375 0.9919156250000001 0.5737625000000001 0.98364375 0.5846390625 0.9984375 0.601121875