0 0.2142671875 0.8695812500000001 0.1743859375 0.8390828125 0.1157359375 0.9016437500000001 0.1548359375 0.9391796875 0.2142671875 0.8695812500000001
0 0.00078125 0.9086812500000001 0 0.9258843750000001 0.036753125 0.96185625 0.049265625 0.9540374999999999 0.00078125 0.9086812500000001
0 0.0218953125 0.9790609375000001 0.03284375 0.9688953124999999 0.0242421875 0.9626390625000001 0.013293749999999998 0.9688953124999999 0.0218953125 0.9790609375000001
0 0.3808328125 0.7077078125 0.388653125 0.696759375 0.290903125 0.6342 0.28621093750000004 0.637328125 0.27995468749999997 0.6482765625 0.3808328125 0.7077078125
0 0.36675625 0.7210015624999999 0.3784875 0.7108359375 0.27682656250000004 0.6498406250000001 0.271353125 0.6584421875 0.36675625 0.7210015624999999
0 0.5198375000000001 0.7258703125 0.56104375 0.7285109375000001 0.5557609375 0.712134375 0.5150828125 0.7126625 0.5198375000000001 0.7258703125
0 0.492365625 0.7068515625 0.5562890625 0.7084359375 0.5584015625000001 0.6983984375000001 0.4971203125 0.6952296875 0.492365625 0.7068515625
0 0.467228125 0.6923812500000001 0.5424359375 0.6942625 0.5433765625 0.6764 0.46812343749999996 0.6762109374999999 0.467228125 0.6923812500000001
0 0.47281874999999995 0.67356875 0.53093125 0.6698703125 0.53304375 0.6582484375 0.471234375 0.6587765625 0.47281874999999995 0.67356875
0 0.4997625 0.65455 0.5346296875000001 0.650325 0.533571875 0.6392296875000001 0.49183750000000004 0.6371171875 0.4997625 0.65455
0 0.6478921875 0.6572312499999999 0.6567406250000001 0.645925 0.5839875 0.59381875 0.579071875 0.5982421875 0.6478921875 0.6572312499999999
0 0.6262624999999999 0.6061078125 0.6301953124999999 0.5928359375000001 0.5800546875 0.5540015625 0.5751390625 0.5603921875 0.6262624999999999 0.6061078125
0 0.6218390625 0.5741562499999999 0.6292125000000001 0.5618671875000001 0.595784375 0.5343390625 0.59086875 0.5441703125 0.6218390625 0.5741562499999999
0 0.632653125 0.559409375 0.6419921875 0.5476109375 0.6090578125 0.522540625 0.600209375 0.5279484375 0.6046328125 0.526965625 0.600209375 0.53188125 0.632653125 0.559409375
0 0.7277671875 0.551984375 0.758565625 0.55340625 0.7609343749999999 0.5444046874999999 0.728240625 0.5382453125 0.728240625 0.5467734375 0.7277671875 0.551984375
0 0.683703125 0.5093421874999999 0.6870203125 0.5211875 0.716396875 0.5245046875 0.71260625 0.5131328125 0.6870203125 0.5093421874999999 0.683703125 0.5093421874999999
0 0.678965625 0.48186093750000003 0.7291890624999999 0.4856515625 0.728240625 0.47380625 0.676596875 0.46717343749999996 0.678965625 0.48186093750000003
0 0.6808609375 0.4662265625 0.72255625 0.4700171875 0.7230296875 0.4562765625 0.6799125 0.45390781249999995 0.6808609375 0.4662265625
0 0.6680671874999999 0.44916875 0.7045515625000001 0.44869531250000005 0.7054984375 0.437796875 0.6709109375 0.43353281250000003 0.6680671874999999 0.44916875
0 0.6187921875 0.4349546875 0.6386921875 0.41268593750000004 0.6126328125 0.3923125 0.61784375 0.385678125 0.5752015625 0.35914531250000004 0.5505640625 0.3904171875 0.6187921875 0.4349546875
0 0.20504531250000002 0.310365625 0.21725625 0.32105 0.2589765625 0.2701703125 0.24625781249999998 0.26355625 0.205553125 0.30883906250000004 0.20504531250000002 0.310365625
0 0.2264140625 0.3276640625 0.2325203125 0.334278125 0.24981874999999998 0.3118921875 0.2401515625 0.30527812499999996 0.2264140625 0.32308593750000003 0.2264140625 0.3276640625
0 0.2681359375 0.3225765625 0.29815468749999996 0.28950468749999997 0.2900140625 0.2818734375 0.263046875 0.3108734375 0.2681359375 0.3225765625
0 0.265590625 0.3027328125 0.280346875 0.2783109375 0.269153125 0.2681359375 0.2533796875 0.29103124999999996 0.265590625 0.3027328125
0 0.195378125 0.306803125 0.2182734375 0.27678437499999997 0.2070796875 0.26864374999999996 0.180621875 0.296628125 0.195378125 0.306803125
0 0.20657031250000002 0.23913437499999998 0.1831671875 0.266609375 0.16993750000000002 0.2564328125 0.150603125 0.274240625 0.1775703125 0.2920484375 0.17706093750000002 0.290521875 0.21929062500000002 0.24778281249999998 0.20657031250000002 0.23913437499999998
0 0.8898171874999999 0.4265203125 0.9051015625 0.439415625 0.9232515625 0.42126562500000003 0.90605625 0.40598124999999996 0.891728125 0.42078906250000003 0.8898171874999999 0.4265203125
0 0.8891639031249999 0.4046841109375 0.9428328125000001 0.34818906250000003 0.903190625 0.3252625 0.8544734375 0.3806671875 0.8891639031249999 0.4046841109375
0 0.5481906249999999 0.09428906249999999 0.5594671875 0.0836375 0.5381671875 0.0645296875 0.5278296874999999 0.0761203125 0.5481906249999999 0.09428906249999999
0 0.5384796875 0.06171093749999999 0.5591546875 0.0786265625 0.577009375 0.063903125 0.5553953125 0.04448125 0.540046875 0.0595171875 0.5384796875 0.06171093749999999
0 0.524384375 0.0291328125 0.5127937499999999 0.0473015625 0.5384796875 0.062337500000000004 0.5397328124999999 0.061084375 0.53910625 0.060143749999999996 0.5503828125 0.042915625 0.524384375 0.0291328125
0 0.5090343749999999 0.051373437499999994 0.5021421875 0.0620234375 0.5190578125 0.0748671875 0.5262625 0.07298750000000001 0.5366 0.062337500000000004 0.5090343749999999 0.051373437499999994