0 0.6475984375 0.6639015625 0.716815625 0.7205734374999999 0.725721875 0.708025 0.6574171875 0.6543515625 0.6475984375 0.6639015625
0 0.6208828125 0.6922375 0.6941484375 0.7493140625 0.70426875 0.7363609375 0.631584375 0.6819671875 0.6208828125 0.6922375
0 0.6370750000000001 0.6804984375 0.7058875 0.7339328125 0.712646875 0.7224984375 0.6467890625 0.6671390625 0.6370750000000001 0.6804984375
0 0.479590625 0.90090625 0.51735 0.929003125 0.5247671875 0.9159671875000001 0.487709375 0.889628125 0.479590625 0.90090625
0 0.46947656249999997 0.9170906249999999 0.503865625 0.9436140625 0.5135296874999999 0.932825 0.47583906249999997 0.9057031249999999 0.46947656249999997 0.9170906249999999
0 0.45419375000000006 0.9341734374999999 0.4899296875 0.9591234375000001 0.4989203125 0.9499078125 0.4616109375 0.9213609375 0.45419375000000006 0.9341734374999999
0 0.614934375 0.8419375 0.6592109374999999 0.875428125 0.6684265625 0.8641890625 0.6232390624999999 0.8282937499999999 0.614934375 0.8419375
0 0.5866140625 0.8529500000000001 0.6304421875 0.8886890624999999 0.637859375 0.8774515624999999 0.5933140625 0.8418953124999999 0.5866140625 0.8529500000000001
0 0.5632390625 0.8639640625 0.632240625 0.9134140625 0.64010625 0.903075 0.5722921875 0.8498093750000001 0.5632390625 0.8639640625
0 0.10976875 0.10877343749999999 0.1455078125 0.135825 0.1550171875 0.1244125 0.1167359375 0.09792656250000001 0.10976875 0.10877343749999999
0 0.09645625 0.12145312500000001 0.13428281250000002 0.1501953125 0.14358125 0.1394171875 0.1053125 0.11094843750000001 0.09645625 0.12145312500000001
0 0.0825078125 0.135825 0.12054687500000001 0.1639328125 0.1268875 0.15759375 0.115053125 0.1501953125 0.11843437500000001 0.1434328125 0.08996562500000001 0.12257499999999999 0.0825078125 0.135825
0 0.2173359375 0.1930984375 0.22726875 0.17872656250000002 0.1783296875 0.1442015625 0.1704203125 0.155690625 0.2173359375 0.1930984375
0 0.1568953125 0.173865625 0.20571250000000002 0.20725781250000003 0.2133203125 0.195634375 0.1648421875 0.161875 0.1568953125 0.173865625
0 0.0510125 0.268225 0.10009375000000001 0.308975 0.129728125 0.2714671875 0.077446875 0.23517031249999998 0.0510125 0.268225
0 0.026600000000000002 0.6214000000000001 0.0537171875 0.6241890625 0.0534640625 0.60898125 0.0276109375 0.607425 0.026600000000000002 0.6214000000000001
0 0.06258749999999999 0.6239359375 0.0532109375 0.6239359375 0.0532109375 0.634834375 0.08235624999999999 0.6345796874999999 0.08185 0.6198796875 0.062334375 0.6186125 0.06258749999999999 0.6239359375
0 0.9014890624999999 0.3416578125 0.9382328125000001 0.29643281250000003 0.9303000000000001 0.28733906249999996 0.8891249999999999 0.3292921875 0.9014890624999999 0.3416578125
0 0.9318734375 0.3179859375 0.9452984375 0.3250515625 0.9580171875 0.3077390625 0.947015625 0.30016875 0.9318734375 0.3179859375
0 0.9257282765625 0.3223780140625 0.9014890624999999 0.349078125 0.9145625000000001 0.35791093749999997 0.9378796875000001 0.3310578125 0.9257282765625 0.3223780140625
0 0.9382328125000001 0.34413125 0.9491859375 0.354378125 0.9788625 0.316571875 0.968396875 0.30755468750000003 0.9382328125000001 0.34413125
0 0.924453125 0.3585859375 0.9378546875 0.3672421875 0.94371875 0.357746875 0.9309406250000001 0.348140625 0.924453125 0.3585859375
0 0.9524531250000001 0.37915625 0.99238125 0.33475781250000003 0.9795375 0.32638124999999996 0.9423999999999999 0.3696625 0.9524531250000001 0.37915625
0 0.9946140625 0.365753125 0.9984375 0.357096875 0.9984375 0.34062187499999996 0.9960109375 0.338946875 0.9828875 0.3568171875 0.9946140625 0.365753125
0 0.6418890625 0.3304140625 0.6768984375 0.356303125 0.699390625 0.32808125 0.6616765625000001 0.30331562500000003 0.6418890625 0.3304140625
0 0.6030593750000001 0.37073125 0.6414640625 0.399165625 0.65546875 0.37624843750000003 0.61825 0.3495453125 0.6030593750000001 0.37073125
0 0.8545203125 0.9313390625 0.8830125000000001 0.9588234375000001 0.8906921875 0.9469 0.904028125 0.9584187500000001 0.8959453125 0.969534375 0.9161531249999999 0.9824671875 0.9511125 0.9404140625 0.8896484375 0.8921187500000001 0.8545203125 0.9313390625
0 0.1381046875 0.9631812500000001 0.1209875 0.9860046875 0.1411765625 0.9984375 0.184628125 0.9984375 0.1487484375 0.9707734374999999 0.1381046875 0.9631812500000001
0 0.0018234375 0.20587343749999998 0.0022624999999999998 0.24318125 0.0312296875 0.26249375 0.046365625 0.23959843749999998 0.0018234375 0.20587343749999998