0 0.3507015625 0.746659375 0.3964546875 0.7846968750000001 0.41206718750000004 0.7676421875 0.3657890625 0.7289328125 0.3507015625 0.746659375
0 0.337853125 0.75886875 0.3609640625 0.777490625 0.3538171875 0.7873125 0.37586875000000003 0.804696875 0.39234843750000004 0.7865828125000001 0.345325 0.7462359375000001 0.337853125 0.75886875
0 0.597853125 0.7367953125 0.630259375 0.7016578124999999 0.58479375 0.6659875000000001 0.553965625 0.6982625 0.597853125 0.7367953125
0 0.66651875 0.8270125 0.71079375 0.8669156250000001 0.7258140625 0.8495609375000001 0.68075 0.80905625 0.66651875 0.8270125
0 0.6396296875 0.85075 0.6739109375 0.883596875 0.6847109375 0.8723906250000001 0.6965625 0.8827890625 0.7076453125 0.8708296875 0.6613328125 0.8307578124999999 0.6396296875 0.85075
0 0.6233484375 0.868028125 0.6386499999999999 0.8819359375 0.6347031249999999 0.8886843750000001 0.6554921874999999 0.9043531249999999 0.6701406249999999 0.887728125 0.6350609375 0.85550625 0.6233484375 0.868028125
0 0.8132274562499999 0.9437633328125001 0.7968109375 0.9603359375 0.8432124999999999 0.997484375 0.8582078125000001 0.9823562499999999 0.8132274562499999 0.9437633328125001
0 0.773240625 0.9869421875000001 0.7867453125 0.9984375 0.813303125 0.9984375 0.7821765625 0.9747390625 0.773240625 0.9869421875000001
0 0.7472000000000001 0.5302265625 0.7791046875000001 0.5561859375 0.78911875 0.5472234375 0.7554171875 0.51875 0.7472000000000001 0.5302265625
0 0.7228765625 0.5544484375 0.7545921875 0.58185 0.7742203125 0.56076875 0.7413406250000001 0.532475 0.7228765625 0.5544484375
0 0.939259375 0.5012218749999999 0.9605499999999999 0.477809375 0.9340765624999999 0.45464374999999996 0.9141546875 0.47725937500000004 0.939259375 0.5012218749999999
0 0.9845765625 0.44520781249999997 0.9982546875 0.427275 0.973734375 0.408728125 0.961621875 0.424946875 0.9845765625 0.44520781249999997
0 0.8257656250000001 0.39600625 0.8559687500000001 0.4246578125 0.8750421875000001 0.4059109375 0.841690625 0.3797515625 0.8257656250000001 0.39600625
0 0.8986546875 0.359778125 0.911928125 0.34155 0.8914828124999999 0.32301718749999997 0.8779890625 0.3417703125 0.8986546875 0.359778125
0 0.1959359375 0.3929796875 0.2652875 0.323221875 0.25549218749999997 0.315228125 0.18689687500000002 0.3835671875 0.1959359375 0.3929796875
0 0.21036875 0.4047203125 0.240253125 0.3783765625 0.228740625 0.367253125 0.1999015625 0.39747187500000003 0.21036875 0.4047203125
0 0.2340203125 0.36329531249999997 0.2410953125 0.3733171875 0.27925625 0.334659375 0.27006874999999997 0.3243671875 0.2336125 0.3618046875 0.2340203125 0.36329531249999997
0 0.0087875 0.5806203125 0.00007500000000000001 0.5796296875 0.000971875 0.6244265625 0.047921875 0.575690625 0.0293734375 0.5606171875 0.0087875 0.5806203125