0 0.9009109375 0.8431078125000001 0.9492296874999999 0.8796859375 0.9844531249999999 0.8318171875000001 0.9289078125 0.7947875 0.900459375 0.8413015625 0.9009109375 0.8431078125000001
0 0.8431078125000001 0.9252953125 0.8905234375 0.925746875 0.8855562499999999 0.9140062500000001 0.8851046874999999 0.9117484375 0.833171875 0.9126515625 0.8431078125000001 0.9252953125
0 0.8413015625 0.9451656249999999 0.9243921875 0.9442625 0.9225859375000001 0.9329734375 0.8431078125000001 0.9356828125 0.8413015625 0.9451656249999999
0 0.8905234375 0.9519390624999999 0.89278125 0.9659390625000001 0.9492296874999999 0.96413125 0.9492296874999999 0.950584375 0.897296875 0.9510359375 0.8905234375 0.9519390624999999
0 0.9474234375 0.9858078125 0.9894203125000001 0.9858078125 0.986259375 0.971809375 0.9451656249999999 0.97090625 0.9474234375 0.9858078125
0 0.8426562499999999 0.96413125 0.870203125 0.963228125 0.8661375 0.9501328125 0.838140625 0.94968125 0.8426562499999999 0.96413125
0 0.7853046875 0.96729375 0.8227859375 0.968196875 0.8160125 0.9564546875 0.7834984375 0.9564546875 0.7853046875 0.96729375
0 0.7349140625 0.6682718750000001 0.7822546874999999 0.6981453125 0.8194828125000001 0.6498875 0.7726031250000001 0.6200125 0.7408890625 0.662296875 0.7349140625 0.6682718750000001
0 0.09706875000000001 0.8431468750000001 0.1030328125 0.8358578124999999 0.066590625 0.806703125 0.0609578125 0.8143234375 0.09706875000000001 0.8431468750000001
0 0.09110625 0.7871578125 0.110984375 0.802728125 0.1265546875 0.7901390625 0.10435781250000001 0.7722484374999999 0.09342500000000001 0.7838437500000001 0.09110625 0.7871578125
0 0.061565625 0.9672203125 0.1084828125 0.9984375 0.11315312500000001 0.9984375 0.1611328125 0.9549078124999999 0.10168906250000001 0.9103249999999999 0.05795625 0.9627625 0.061565625 0.9672203125
0 0.00049375 0.339090625 0.0343296875 0.363046875 0.054581250000000005 0.3420546875 0.015065625 0.3168640625 0.0041984375 0.33513906250000003 0.00049375 0.339090625
0 0.014571875000000001 0.314640625 0.055321875 0.3415609375 0.07285625 0.32155625 0.0370453125 0.29438906249999997 0.0185234375 0.3114296875 0.014571875000000001 0.314640625