0 0.7612687499999999 0.643315625 0.7506890625 0.633315625 0.69936875 0.6822375 0.708909375 0.692353125 0.7612687499999999 0.643315625
0 0.7241500000000001 0.7005984375 0.768875 0.66075625 0.75884375 0.6522578125 0.7126453125000001 0.690803125 0.7241500000000001 0.7005984375
0 0.838596875 0.246653125 0.8774875 0.21099375 0.8379546875000001 0.179165625 0.801990625 0.2146234375 0.838596875 0.246653125
0 0.823175 0.2610125 0.83384375 0.25265 0.8113078125 0.2345203125 0.804784375 0.24350156250000002 0.823175 0.2610125
0 0.7865828125000001 0.26344218750000004 0.803725 0.2791796875 0.8230124999999999 0.2654046875 0.8018328125 0.247928125 0.7865828125000001 0.26344218750000004
0 0.656659375 0.155309375 0.686015625 0.1810625 0.6952625 0.1700203125 0.6650859375 0.1443078125 0.656659375 0.155309375
0 0.6685078125 0.1305421875 0.6864015625000001 0.15052812499999998 0.6961593749999999 0.1408953125 0.6779875 0.1248640625 0.6685078125 0.1305421875
0 0.7063609375000001 0.16961718750000002 0.7153328125 0.15985312499999998 0.697425 0.14330625 0.6891828125 0.15347968750000002 0.7063609375000001 0.16961718750000002
0 0.701859375 0.135678125 0.713634375 0.12629531249999998 0.6931109375 0.11047499999999999 0.68623125 0.11658593749999999 0.701859375 0.135678125
0 0.7199109375 0.12137031250000001 0.7338609375 0.10782343750000001 0.7140328125 0.0876640625 0.7024640625 0.1047796875 0.7199109375 0.12137031250000001
0 0.7395140625 0.1124828125 0.7603500000000001 0.1294921875 0.771615625 0.12001406249999999 0.7505390625 0.10251406249999999 0.7395140625 0.1124828125
0 0.36728125 0 0.3514890625 0.01445 0.382075 0.0388234375 0.39705 0.0238234375 0.3923296875 0.020395312500000002 0.3944015625 0.0171984375 0.3994640625 0.0199953125 0.42099374999999994 0.0035499999999999998 0.41550000000000004 0 0.36728125 0