0 0.15788125 0.6994609374999999 0.22581875 0.7473265625 0.238171875 0.7299562500000001 0.1686890625 0.6797734375 0.15788125 0.6994609374999999
0 0.127896875 0.687296875 0.11704218749999999 0.6969765625 0.17483125 0.7403906250000001 0.1842171875 0.726896875 0.12613593750000002 0.6840703125 0.127896875 0.687296875
0 0.10765625000000001 0.7131109375 0.12672343749999998 0.7286578125000001 0.13640312500000001 0.7178046874999999 0.1129359375 0.700790625 0.10765625000000001 0.7131109375
0 0.09445624999999999 0.7280703125 0.11586875 0.744790625 0.12525625 0.7351109375 0.10120312499999999 0.71663125 0.09445624999999999 0.7280703125
0 0.0809625 0.7427374999999999 0.10442968749999999 0.7618046875 0.114696875 0.7506578125 0.09122812500000001 0.7333515625 0.0809625 0.7427374999999999
0 0.141096875 0.79201875 0.167790625 0.8107921875 0.1757109375 0.7978859375 0.150484375 0.7820453125 0.141096875 0.79201875
0 0.171896875 0.758284375 0.19213750000000002 0.7729515625000001 0.20621874999999998 0.7518312500000001 0.1865640625 0.73863125 0.171896875 0.758284375
0 0.1572296875 0.7755921875 0.168378125 0.7893796875 0.17131093749999998 0.77881875 0.1842171875 0.78761875 0.1877375 0.7820453125 0.1628046875 0.7647390625 0.1572296875 0.7755921875
0 0.8489296875000001 0.5844234375 0.855434375 0.5718609375 0.7778109375 0.5103890625 0.77063125 0.52183125 0.8489296875000001 0.5844234375
0 0.7822984374999999 0.50478125 0.84825625 0.5532390625 0.8561078125 0.5447140625 0.7876828125 0.49289062499999997 0.7822984374999999 0.50478125
0 0.7966562500000001 0.4881796875 0.86126875 0.537759375 0.8635109375000001 0.5321515625 0.7988999999999999 0.481896875 0.7966562500000001 0.4881796875
0 0.8405625000000001 0.7545390624999999 0.8332265624999999 0.7662078125 0.8352265624999999 0.768875 0.8465640625 0.77654375 0.8562328125 0.7642078125 0.8428953124999999 0.7552046875 0.8405625000000001 0.7545390624999999
0 0.856475 0.7647828125 0.8491390624999999 0.776453125 0.8511390625 0.7791203125 0.8624765625 0.7867890625 0.8721453125 0.7744515625 0.8588078124999999 0.76545 0.856475 0.7647828125
0 0.86971875 0.7756937500000001 0.8623843750000001 0.7873640625 0.864384375 0.79003125 0.8745703125000001 0.7948828125 0.8815734375 0.7835468750000001 0.8720531250000001 0.7763609375 0.86971875 0.7756937500000001
0 0.8866328125 0.7892718750000001 0.879296875 0.8009421874999999 0.881296875 0.803609375 0.8926343749999999 0.811278125 0.9023031250000001 0.7989421875 0.888965625 0.7899390625 0.8866328125 0.7892718750000001
0 0.8998765625 0.7981828125 0.8925421874999999 0.8098531250000001 0.8945421874999999 0.8125203125 0.9058796875 0.8201890625000001 0.9155484375 0.8078515625 0.9022109374999999 0.7988500000000001 0.8998765625 0.7981828125
0 0.9126421875 0.8094281249999999 0.9053078125 0.821096875 0.9073078125 0.8237640624999999 0.9186453125 0.8314328124999999 0.9283140624999999 0.819096875 0.9149765625 0.8100937500000001 0.9126421875 0.8094281249999999
0 0.8659015625 0.81955625 0.9042453125 0.8495640625 0.9139156249999999 0.8378937499999999 0.8745703125000001 0.80721875 0.8659015625 0.81955625
0 0.8518062499999999 0.837803125 0.89015 0.8678109375 0.89981875 0.8561406249999999 0.8604749999999999 0.825465625 0.8518062499999999 0.837803125
0 0.8387109374999999 0.855715625 0.8770546875 0.8857234375 0.8867234375 0.8740546874999999 0.8473796874999999 0.8433796875 0.8387109374999999 0.855715625
0 0.8259531250000001 0.8742953124999999 0.864296875 0.904303125 0.872403125 0.8926343749999999 0.8548984374999999 0.8772390624999999 0.8346218750000001 0.861959375 0.8259531250000001 0.8742953124999999
0 0.57710625 0.80755625 0.66090625 0.8733531250000001 0.6942953125 0.8281796874999999 0.6111500000000001 0.77089375 0.57710625 0.80755625
0 0.474609375 0.8940625000000001 0.46949687500000004 0.891640625 0.4372109375 0.9411468749999999 0.4899453125 0.9836562499999999 0.5106625 0.9572890624999999 0.497746875 0.9454515625000001 0.5152359375 0.9231203125 0.47434062499999996 0.8935234375000001 0.474609375 0.8940625000000001
0 0.44511406249999996 0.44610312499999993 0.45269843749999994 0.431596875 0.4332453125 0.41741875000000006 0.4250015625 0.42994843749999995 0.44511406249999996 0.44610312499999993
0 0.3567515625 0.3996140625 0.43588281249999994 0.45599531249999997 0.44445468750000006 0.447421875 0.3633453125 0.3860953125 0.3567515625 0.3996140625
0 0.41906718749999994 0.4714921875 0.425990625 0.4606109375 0.346859375 0.39994375 0.338946875 0.4098359375 0.41906718749999994 0.4714921875
0 0.680896875 0.0868609375 0.701009375 0.056256249999999994 0.6878921874999999 0.0454703125 0.6654484375 0.0749109375 0.680896875 0.0868609375
0 0.6774 0.11775781249999999 0.690515625 0.0970625 0.6602015625 0.073453125 0.6427140625 0.093565625 0.6774 0.11775781249999999
0 0.6333859375 0.0145734375 0.6182296875 0.029731249999999997 0.6065703124999999 0.044887500000000004 0.5937453125000001 0.057129687500000005 0.6322203125 0.0816140625 0.6706953125 0.0314796875 0.632803125 0.00233125 0.6325109375 0.0026234375 0.6293046875 0.01049375 0.6333859375 0.0145734375
0 0.5724421875 0.2356953125 0.5773234375 0.22593437500000002 0.53741875 0.195790625 0.531103125 0.20641250000000003 0.5724421875 0.2356953125
0 0.6031609375 0.2379921875 0.6117734375 0.2285171875 0.5612468749999999 0.1889 0.560959375 0.18861250000000002 0.55435625 0.2009578125 0.6031609375 0.2379921875
0 0.9130671875 0.5180687500000001 0.920490625 0.5083015625 0.857978125 0.453603125 0.8493828125 0.4637609375 0.9130671875 0.5180687500000001
0 0.9267421875 0.498925 0.9372906249999999 0.4895484375 0.8849375 0.4446171875 0.8751687499999999 0.4563390625 0.9267421875 0.498925
0 0.9747984375 0.47665468750000006 0.9984375 0.43680312499999996 0.9490125 0.39382656250000003 0.9142390625000001 0.43758437499999997 0.9747984375 0.47665468750000006
0 0.18131875 0.490853125 0.139696875 0.4623875 0.1267796875 0.479371875 0.166009375 0.5095109375 0.18131875 0.490853125
0 0.196628125 0.45210156250000005 0.181796875 0.46908593749999994 0.199259375 0.47697968749999997 0.21193749999999997 0.4638234375 0.196628125 0.45210156250000005
0 0.154528125 0.46573593750000003 0.1557234375 0.46071249999999997 0.1684015625 0.444446875 0.15500624999999998 0.43607500000000005 0.14137187499999998 0.4494703125 0.154528125 0.4631046875 0.154528125 0.46573593750000003