0 0.4028203125 0.9168875 0.42415624999999996 0.8869171874999999 0.3337375 0.829515625 0.31189374999999997 0.8579625 0.4028203125 0.9168875
0 0.47596875 0.8325640625 0.4988265625 0.7995453125 0.40637656250000004 0.7411296875 0.38351718749999997 0.7700828125 0.47596875 0.8325640625
0 0.2677 0.716746875 0.290559375 0.68626875 0.22452343749999998 0.6461390625 0.20014062500000002 0.6710296875 0.2677 0.716746875
0 0.1193734375 0.629375 0.17372656250000001 0.666965625 0.20877656249999998 0.6278515625 0.1544234375 0.5968656250000001 0.1396921875 0.6131203125 0.13664375 0.6131203125 0.1214046875 0.629375 0.1193734375 0.629375
0 0.53489375 0.6786484374999999 0.5313375 0.685253125 0.584165625 0.7187781249999999 0.59229375 0.7106515625000001 0.536925 0.6781406249999999 0.53489375 0.6786484374999999
0 0.59585 0.7101437500000001 0.5994046875000001 0.7004921875 0.5425125000000001 0.664425 0.5399734375 0.6710296875 0.59585 0.7101437500000001
0 0.9984375 0.997465625 0.9984375 0.985884375 0.9245078124999999 0.9885875000000001 0.9260515625 0.9982374999999999 0.9984375 0.997465625
0 0.9496 0.9677421875000001 0.9476687500000001 0.98009375 0.9984375 0.977778125 0.9982374999999999 0.965040625 0.9492125 0.9673562499999999 0.9496 0.9677421875000001
0 0.9507578125 0.960021875 0.993990625 0.9596359375000001 0.990903125 0.9484406249999999 0.95423125 0.9476687500000001 0.9507578125 0.960021875
0 0.865834375 0.9689 0.8758703125 0.977778125 0.9071374999999999 0.9295265625000001 0.899803125 0.9245078124999999 0.8685359375000001 0.96388125 0.865834375 0.9689
0 0.8538671875 0.9580921874999999 0.8623593749999999 0.9631093749999999 0.8712375 0.9523015625 0.8608156250000001 0.9465109375 0.8538671875 0.9580921874999999
0 0.8723953124999999 0.93493125 0.8812749999999999 0.9407203125000001 0.8940125 0.9198765625 0.8847484375000001 0.916015625 0.8723953124999999 0.93493125
0 0.8318640625 0.9824109375000001 0.85348125 0.99669375 0.8650625 0.9766203125 0.845375 0.9661984374999999 0.8318640625 0.9824109375000001
0 0.8435607453125 0.912111825 0.8106328125 0.9472828124999999 0.8403562499999999 0.968128125 0.86969375 0.9299125 0.8435607453125 0.912111825
0 0.728596875 0.9814046875000001 0.7262296874999999 0.9908734375 0.745640625 0.9984375 0.7499015625000001 0.9984375 0.757003125 0.9970281249999999 0.7290703125 0.9804578125000001 0.728596875 0.9814046875000001
0 0.698503125 0.9719562500000001 0.71225625 0.9805906249999999 0.7180125 0.9709953125 0.7049000000000001 0.9630000000000001 0.698503125 0.9719562500000001
0 0.694984375 0.9873078124999999 0.7173734375 0.9984375 0.7279265625 0.9978609374999999 0.7001015625 0.9802703125000001 0.694984375 0.9873078124999999
0 0.752715625 0.8773609375 0.769184375 0.8864015625 0.774028125 0.8754234375 0.7601421875 0.8670265625000001 0.752715625 0.8773609375
0 0.74819375 0.880265625 0.743996875 0.8880156250000001 0.7591734375 0.8970578124999999 0.7678921875 0.8880156250000001 0.7504546875 0.8796203125 0.74819375 0.880265625
0 0.7252671875 0.8960890625 0.7491625 0.9077140625 0.753684375 0.89835 0.731725 0.8864015625 0.7252671875 0.8960890625
0 0.717840625 0.90319375 0.741090625 0.919984375 0.746903125 0.9106203125000001 0.7226843749999999 0.8980265624999999 0.717840625 0.90319375
0 0.747225 0.8276312499999999 0.7604656249999999 0.8360265625000001 0.7669234375 0.8266625 0.7491625 0.816975 0.747225 0.8276312499999999
0 0.7356 0.83635 0.7523921875 0.8482984374999999 0.762725 0.8386109375 0.7414125 0.8292453125 0.7356 0.83635
0 0.7272046875 0.8489437499999999 0.742059375 0.8589546875 0.7485171875 0.8499125 0.730434375 0.840225 0.7272046875 0.8489437499999999
0 0.724621875 0.8679953125000001 0.7375375 0.8770374999999999 0.7446421875 0.8673500000000001 0.7301109375 0.8608921875 0.724621875 0.8679953125000001
0 0.7104125 0.8851093750000001 0.7217156250000001 0.8931828124999999 0.72688125 0.8815578125 0.716225 0.8773609375 0.7104125 0.8851093750000001
0 0.6887807484375 0.8357229625 0.685225 0.8431312500000001 0.7184859375 0.86250625 0.723653125 0.8534640625 0.6887807484375 0.8357229625
0 0.686840625 0.8608921875 0.7055687500000001 0.8709015625 0.7104125 0.8631515625 0.693621875 0.8521734375 0.686840625 0.8608921875
0 0.683934375 0.8734859374999999 0.7023406249999999 0.886078125 0.707184375 0.8757453125 0.6871625 0.8660578125 0.683934375 0.8734859374999999
0 0.6564859375000001 0.8657359375 0.6816734375 0.881234375 0.6855484374999999 0.8721937499999999 0.67263125 0.8673500000000001 0.6797359375 0.8615375000000001 0.6622984375 0.85281875 0.6564859375000001 0.8657359375
0 0.726828125 0.8000187499999999 0.7425875 0.8099015625 0.7519375 0.7986828125 0.7388484375 0.788265625 0.726828125 0.8000187499999999
0 0.7148078124999999 0.812840625 0.7316359375 0.8243265624999999 0.7372453125 0.8155109375 0.72121875 0.8042921875 0.7148078124999999 0.812840625
0 0.5669953125 0.797265625 0.6283234375 0.833521875 0.648765625 0.8107640625 0.5862812500000001 0.77219375 0.5669953125 0.797265625
0 0.650375 0.769396875 0.6728109375 0.784171875 0.679925 0.7713109375 0.65639375 0.757084375 0.650375 0.769396875
0 0.617815625 0.739571875 0.60468125 0.7524328125 0.625203125 0.7672078124999999 0.643534375 0.7505171875000001 0.618909375 0.739025 0.617815625 0.739571875
0 0.62999375 0.7350796875000001 0.6480828125 0.7467937499999999 0.654284375 0.7361140625 0.6365406250000001 0.7235375000000001 0.62999375 0.7350796875000001
0 0.6396421875 0.7238828125000001 0.6539406249999999 0.7355968749999999 0.665309375 0.72595 0.6451546875 0.7132015625 0.6396421875 0.7238828125000001
0 0.6468765624999999 0.711478125 0.648428125 0.7132015625 0.6684109375 0.72784375 0.678403125 0.7185421875 0.6508390625 0.7009703125 0.6468765624999999 0.711478125
0 0.6563515625 0.700453125 0.6773687500000001 0.7147515624999999 0.687878125 0.7063109375 0.6634156250000001 0.689428125 0.6563515625 0.700453125
0 0.6836234375 0.7416953125 0.6929765625 0.75105 0.6992125 0.739746875 0.686740625 0.7335109375 0.6836234375 0.7416953125
0 0.6711515625 0.7514390625 0.6898593749999999 0.7654703125 0.694146875 0.7533890624999999 0.6773875 0.7432546875 0.6711515625 0.7514390625
0 0.46358750000000004 0.395059375 0.48792656250000005 0.3943109375 0.48867656249999997 0.3834515625 0.46471093750000003 0.38270312500000003 0.46358750000000004 0.395059375
0 0.5066499999999999 0.38944375 0.55458125 0.3961828125 0.5583265625 0.3842 0.5077734375 0.3789578125 0.5066499999999999 0.38944375
0 0.48149687500000005 0.3742234375 0.507584375 0.3735484375 0.5091593750000001 0.363878125 0.481271875 0.364553125 0.48149687500000005 0.3742234375
0 0.47519999999999996 0.351059375 0.475875 0.362303125 0.508934375 0.3593796875 0.510284375 0.34925937500000004 0.47565 0.349709375 0.47519999999999996 0.351059375
0 0.49071875 0.349034375 0.51523125 0.3443125 0.5120828125 0.3350921875 0.48801875 0.336665625 0.49071875 0.349034375
0 0.5532812500000001 0.37609375 0.57546875 0.37265625 0.57546875 0.36046875 0.5515625 0.3621875 0.5532812500000001 0.37609375
0 0.5380812500000001 0.3519203125 0.5368062499999999 0.36288593750000003 0.5707234375 0.3590609375 0.5702125 0.347584375 0.538590625 0.3501359375 0.5380812500000001 0.3519203125
0 0.5546328125 0.32551562500000003 0.6063531249999999 0.3363 0.608334375 0.3257359375 0.559034375 0.3138515625 0.5546328125 0.32551562500000003
0 0.495215625 0.33464218749999997 0.5316484375 0.3337421875 0.5316484375 0.3213734375 0.49791406250000003 0.3220484375 0.495215625 0.33464218749999997
0 0.506875 0.290625 0.5484375 0.2921875 0.5503125 0.27859375000000003 0.5090625 0.27890625 0.506875 0.290625
0 0.50296875 0.3021875 0.5287499999999999 0.30828125 0.53125 0.29703124999999997 0.50609375 0.29078125 0.50296875 0.3021875
0 0.5685453125000001 0.2188484375 0.582596875 0.204565625 0.5717703125 0.1944296875 0.5579484375 0.2073296875 0.5685453125000001 0.2188484375
0 0.5708484375 0.1789953125 0.584209375 0.16286875 0.6031 0.1789953125 0.6189953125 0.1614875 0.6001046875 0.1485859375 0.6090890625000001 0.1379890625 0.5982624999999999 0.129696875 0.563246875 0.16955 0.5708484375 0.1789953125
0 0.5291515625 0.14927812499999998 0.5263875 0.15042968750000002 0.5478125 0.16678593749999998 0.6035609375 0.11403125 0.5855921875 0.1045859375 0.561634375 0.1290046875 0.5489640625 0.12347656250000001 0.5286906250000001 0.1485859375 0.5291515625 0.14927812499999998
0 0.27205625 0 0.263378125 0.00824375 0.2442875 0 0.22693124999999997 0.0164875 0.288978125 0.05380312499999999 0.317615625 0.0151859375 0.3111078125 0.011715625 0.306334375 0 0.27205625 0
0 0.174428125 0.077234375 0.2442875 0.11802187500000001 0.2629453125 0.09719375 0.2186859375 0.0724609375 0.22172343749999998 0.06551875 0.19742500000000002 0.056840625 0.174428125 0.077234375