0 0.085275 0.80048125 0.0959546875 0.8082 0.13155 0.7654859375 0.12040312500000001 0.7578265625 0.085275 0.80048125
0 0.10735937499999999 0.7993765625 0.1191984375 0.8064546874999999 0.13948906249999998 0.78105625 0.1278890625 0.77491875 0.10735937499999999 0.7993765625
0 0.1597 0.790059375 0.1501515625 0.7828140625 0.1360171875 0.7982203125 0.1459296875 0.8051359375 0.1597 0.790059375
0 0.8836984375 0.9314500000000001 0.918309375 0.953096875 0.926921875 0.943 0.8910515625000001 0.9196671875 0.8836984375 0.9314500000000001
0 0.9296218749999999 0.9379203125 0.9386890625 0.9268703125 0.91939375 0.9171156249999999 0.9117828125 0.9281546875 0.9296218749999999 0.9379203125
0 0.9478640625000001 0.9169750000000001 0.9194625000000001 0.8991578125 0.9122031249999999 0.906325 0.94234375 0.9256453125 0.9478640625000001 0.9169750000000001
0 0.9984375 0.9535312499999999 0.9984375 0.9422421875 0.9751562500000001 0.939265625 0.9734921875 0.9487249999999999 0.9984375 0.9535312499999999
0 0.9984375 0.9400046874999999 0.9984375 0.929553125 0.98671875 0.9287328125000001 0.9860859375000001 0.9382296875 0.9984375 0.9400046874999999
0 0.9491953125 0.7204796875 0.9235359375 0.7064609374999999 0.897259375 0.7413109375 0.921428125 0.75563125 0.9491953125 0.7204796875
0 0.7607078125 0.28857187500000003 0.7814687499999999 0.30105 0.79054375 0.291396875 0.7655375 0.277309375 0.7607078125 0.28857187500000003
0 0.7476390625 0.30469843750000003 0.7681390625 0.3173015625 0.777790625 0.305475 0.7534671875 0.2919203125 0.7476390625 0.30469843750000003
0 0.7374484375 0.3176671875 0.7583859375 0.33084531250000004 0.7658421875 0.3196203125 0.742984375 0.305896875 0.7374484375 0.3176671875
0 0.7642234375 0.33248125 0.7850765625 0.34478437500000003 0.7921843749999999 0.3351234375 0.7690328125 0.3211453125 0.7642234375 0.33248125
0 0.8048171875 0.33845000000000003 0.8139406250000001 0.3277359375 0.780821875 0.3073296875 0.7760203125 0.3192390625 0.8048171875 0.33845000000000003
0 0.8177640625 0.32325 0.8269 0.3130875 0.7940234375 0.293796875 0.7865031250000001 0.3052625 0.8177640625 0.32325
0 0.895003125 0.2100140625 0.8623625 0.1887984375 0.8581312499999999 0.19477031250000001 0.8921421875 0.21375937500000003 0.8915 0.2198421875 0.9358171875 0.24432031250000003 0.965496875 0.21316562499999997 0.91455 0.1824359375 0.895003125 0.2100140625
0 0.6809390625 0.138059375 0.6921140625 0.12485312500000001 0.652471875 0.10168437500000001 0.6436671875 0.113975 0.6809390625 0.138059375
0 0.7020500000000001 0.1492875 0.7131171875 0.137515625 0.69868125 0.1302828125 0.6904046875 0.14172968749999998 0.7020500000000001 0.1492875
0 0.58295625 0.10384843749999999 0.5679015625 0.095021875 0.5582890625 0.106775 0.5729671875 0.1171609375 0.58295625 0.10384843749999999
0 0.5404625000000001 0.054707812499999994 0.5537203125 0.0397046875 0.5159812500000001 0.01741875 0.50673125 0.028996875 0.5404625000000001 0.054707812499999994
0 0.4676296875 0.07171875 0.5025625 0.0910015625 0.5185625 0.0720625 0.5059265625 0.0618265625 0.5088078125 0.054021875 0.4905953125 0.0427921875 0.4676296875 0.07171875
0 0.34125 0.0845984375 0.4327421875 0.1413828125 0.4571546875 0.11273124999999999 0.3653328125 0.058192187500000006 0.34125 0.0845984375
0 0.4937265625 0.365384375 0.4735078125 0.352240625 0.49024375 0.3360359375 0.4588875 0.31574843750000003 0.42454375000000005 0.359084375 0.42409687500000004 0.35935 0.46994375 0.3939140625 0.4937265625 0.365384375
0 0.0135171875 0.4084140625 0.040440625 0.4285265625 0.06814375 0.3963546875 0.038453125 0.3781203125 0.0135171875 0.4084140625