0 0.27157343749999996 0.947834375 0.298315625 0.9080203125 0.30960624999999997 0.9109906249999999 0.2751390625 0.9513999999999999 0.3090125 0.9787359375 0.3185203125 0.9716046875 0.3143609375 0.9626906249999999 0.3185203125 0.9531828125 0.3298109375 0.9567484374999999 0.349421875 0.9294125 0.2793 0.8818734375 0.25018125 0.9288187499999999 0.27157343749999996 0.947834375
0 0.2231 0.8784484375 0.217971875 0.8799875 0.23951250000000002 0.8989640624999999 0.2631046875 0.8681906250000001 0.2374609375 0.8445984375 0.22207499999999997 0.874859375 0.2231 0.8784484375
0 0.2251515625 0.9984375 0.24310312500000003 0.996003125 0.191815625 0.9595890624999999 0.17950625 0.9754875000000001 0.2251515625 0.9984375
0 0.32856874999999997 0.7272265625000001 0.3377421875 0.7338125 0.341034375 0.7288734375 0.330215625 0.7225234375 0.32856874999999997 0.7253453125 0.32856874999999997 0.7272265625000001
0 0.351853125 0.7453375 0.3565578125 0.7340484375 0.344328125 0.7274625 0.34056406250000004 0.7359296875 0.351853125 0.7453375
0 0.329275 0.7199359375000001 0.341034375 0.726521875 0.3447984375 0.722053125 0.3330375 0.7145265625 0.329275 0.7180546875 0.329275 0.7199359375000001
0 0.33468437500000003 0.7135859375 0.34620937500000004 0.7225234375 0.3497375 0.716878125 0.3377421875 0.708646875 0.336565625 0.711234375 0.33468437500000003 0.7135859375
0 0.34950156250000003 0.7145265625 0.3520890625 0.712409375 0.3431515625 0.704884375 0.341034375 0.7072359374999999 0.34950156250000003 0.7145265625
0 0.359615625 0.7321671875 0.36314375 0.72816875 0.352559375 0.7208765625 0.3492671875 0.7241703125 0.359615625 0.7321671875
0 0.850046875 0.4397421875 0.9116843749999999 0.47608125 0.944803125 0.4351421875 0.9130640624999999 0.4112234375 0.90524375 0.428703125 0.86660625 0.4015640625 0.85740625 0.41490312500000004 0.8643062499999999 0.42226406250000004 0.8509656250000001 0.4374421875 0.850046875 0.4397421875
0 0.8068078125 0.400184375 0.8233671875 0.3781046875 0.8321078125 0.38270468750000003 0.8463671875 0.35786562499999997 0.8192281250000001 0.340846875 0.7920890625 0.3877640625 0.8068078125 0.400184375
0 0.758509375 0.350046875 0.770009375 0.3311875 0.7571296875 0.3210671875 0.7428703125 0.3417671875 0.7479296875 0.34360625 0.758509375 0.350046875
0 0.7465499999999999 0.279209375 0.7298485390625 0.29966955156249997 0.7276906249999999 0.310028125 0.7497703125 0.3284265625 0.76955 0.296228125 0.7465499999999999 0.279209375
0 0.21641249999999998 0.1780171875 0.27095156249999997 0.21161249999999998 0.3001859375 0.18630625 0.271825 0.166671875 0.26920625 0.157509375 0.2447734375 0.1466015625 0.2203390625 0.178453125 0.21641249999999998 0.1780171875
0 0.10384374999999998 0.1745265625 0.141365625 0.1823796875 0.14092968749999998 0.1697265625 0.1055890625 0.1627453125 0.10384374999999998 0.1745265625
0 0.0881359375 0.187615625 0.148784375 0.2055046875 0.153146875 0.190234375 0.09686249999999999 0.1753984375 0.0881359375 0.187615625
0 0.09424375 0.1928515625 0.08508125 0.205940625 0.14572968749999998 0.2216484375 0.148784375 0.2089953125 0.0916265625 0.1906703125 0.09424375 0.1928515625
0 0.0916265625 0.230375 0.134821875 0.24215468750000002 0.139184375 0.22775625000000002 0.088571875 0.21335781250000002 0.0916265625 0.230375
0 0.106025 0.1199875 0.042759375 0.0737375 0.0100359375 0.116059375 0.07111875 0.157946875 0.07853750000000001 0.15532812499999998 0.106025 0.1199875
0 0.3072125 0.148640625 0.356865625 0.11340312500000001 0.2992046875 0.0714375 0.27197499999999997 0.10347187499999999 0.27581875 0.1111609375 0.27197499999999997 0.11852812500000001 0.3072125 0.148640625
0 0.2901875 0.007078125 0.26816874999999996 0 0.2453625 0.0015734374999999997 0.2760328125 0.0243796875 0.2901875 0.007078125