0 0.6033671875 0.9843734375000001 0.61855 0.9672953124999999 0.5724437499999999 0.9290984375000001 0.5608046875 0.9456625000000001 0.6033671875 0.9843734375000001
0 0.61426875 0.9555359375 0.62364375 0.9604859375 0.6380671875 0.9465234375 0.62685 0.9362 0.613575 0.9531875 0.61426875 0.9555359375
0 0.6506546875 0.942203125 0.6624640625 0.932284375 0.639025 0.912784375 0.6313453124999999 0.9215953125 0.6506546875 0.942203125
0 0.667275 0.926771875 0.676534375 0.9162390625000001 0.654240625 0.8971796875000001 0.646646875 0.907775 0.667275 0.926771875
0 0.5326593749999999 0.9942265625 0.5404328125 0.9841 0.4955984375 0.9482515625 0.48744531249999995 0.9575921875000001 0.5326593749999999 0.9942265625
0 0.458890625 0.9638140625 0.4709484375 0.9711624999999999 0.48013593749999994 0.9621453125 0.46795625 0.9531875 0.458890625 0.9638140625
0 0.5051125 0.9984375 0.5232812499999999 0.9984375 0.503003125 0.9823124999999999 0.49329062500000004 0.9911828125 0.5051125 0.9984375
0 0.474465625 0.9984375 0.49487500000000006 0.9984375 0.45610937500000004 0.9679968750000001 0.448621875 0.9760953125 0.474465625 0.9984375
0 0.2868125 0.6903484375 0.30505781249999997 0.6729437500000001 0.2965015625 0.6655125 0.3020546875 0.660328125 0.312471875 0.6671437499999999 0.3239921875 0.655025 0.27556250000000004 0.61348125 0.2416375 0.6478265624999999 0.2868125 0.6903484375
0 0.050898437500000004 0.632084375 0.08524375 0.6624609375 0.12573125000000002 0.6186734375 0.0888859375 0.5888656250000001 0.050898437500000004 0.632084375
0 0.19103125 0.5151078124999999 0.2011625 0.5033265625000001 0.21156562499999998 0.512340625 0.228896875 0.49526875 0.21787968750000003 0.48414999999999997 0.21446562500000002 0.48906406249999995 0.1991984375 0.4738390625 0.196609375 0.47647812500000003 0.1828546875 0.4622390625 0.15844843749999998 0.48838593750000003 0.19103125 0.5151078124999999
0 0.15042187499999998 0.565603125 0.161359375 0.576559375 0.1782734375 0.5591421875 0.16617656249999999 0.5497375 0.15042187499999998 0.565603125
0 0.10010937499999999 0.5462046875000001 0.11470781249999999 0.559671875 0.16541250000000002 0.5097078125000001 0.15071874999999998 0.49515000000000003 0.10010937499999999 0.5462046875000001
0 0.052653125 0.41746249999999996 0.0872234375 0.4471671875 0.0941984375 0.43718124999999997 0.0616 0.40736875 0.052653125 0.41746249999999996
0 0.04403125 0.431765625 0.07444062500000001 0.457134375 0.082728125 0.44734687500000003 0.0526546875 0.42123906250000004 0.04403125 0.431765625
0 0.0048125 0.41955625 0.047049999999999995 0.4576328125 0.05656875 0.44720624999999997 0.012559375000000001 0.4091625 0.0048125 0.41955625
0 0 0.439096875 0.035125 0.4702796875 0.046087499999999997 0.460059375 0 0.423171875 0 0.439096875
0 0 0.46192031250000004 0.0230390625 0.4820640625 0.0336421875 0.4725921875 0 0.4444265625 0 0.46192031250000004
0 0.2952703125 0.2956546875 0.330275 0.2549953125 0.3054 0.2344640625 0.2702671875 0.27480625000000003 0.2952703125 0.2956546875
0 0.274303125 0.2271484375 0.2698734375 0.2229234375 0.2421390625 0.25188125 0.2589734375 0.26378124999999997 0.2954375 0.22405468750000002 0.284 0.21447500000000003 0.274303125 0.2271484375
0 0.093775 0.060540625 0.13471249999999999 0.09874374999999999 0.15199218750000001 0.08324843750000001 0.107403125 0.045990625 0.093775 0.060540625
0 0.12961406250000002 0.025984374999999997 0.1128609375 0.040784375 0.125959375 0.0552171875 0.1318625 0.047878125 0.138025 0.053346875 0.13623749999999998 0.0587296875 0.1461 0.0681625 0.160534375 0.050775 0.13013593750000002 0.02616875 0.12961406250000002 0.025984374999999997
0 0.7665328125 0.46084218750000006 0.8062046875 0.49226875000000003 0.825815625 0.4681125 0.7859953125 0.43887187499999997 0.7677921875 0.4607984375 0.7665328125 0.46084218750000006
0 0.8353906249999999 0.460634375 0.8562640625 0.4382 0.8249171875 0.41169687499999996 0.821846875 0.41638125 0.8119640625000001 0.40981562499999996 0.797225 0.427621875 0.8353906249999999 0.460634375
0 0.7462500000000001 0.392271875 0.7389046875 0.40259062500000004 0.7623546875 0.422659375 0.771046875 0.41333906249999997 0.7462500000000001 0.392271875
0 0.71583125 0.3987546875 0.7253796875 0.4079515625 0.7334765625 0.397896875 0.7238171875 0.38916093749999997 0.71583125 0.3987546875
0 0.7000984375 0.41627656249999995 0.7085421875 0.42454375000000005 0.719140625 0.4147984375 0.7069734375000001 0.40685000000000004 0.7000984375 0.41627656249999995
0 0.6797125 0.4363234375 0.7224390625 0.46817343749999996 0.730371875 0.460321875 0.6864265625 0.42694687499999995 0.6797125 0.4363234375
0 0.55693125 0.44780625 0.59615625 0.48035468750000004 0.6054921875 0.47066406250000004 0.5633578124999999 0.436934375 0.55693125 0.44780625
0 0.5420359375 0.46268125 0.5839265625000001 0.494840625 0.593178125 0.485128125 0.549390625 0.45125937499999996 0.5420359375 0.46268125
0 0.54923125 0.4939046875 0.5697734375 0.51075 0.5782984375 0.5009453125000001 0.5568515625 0.48461875 0.54923125 0.4939046875
0 0.5635234375 0.328384375 0.5826765625 0.3082171875 0.56020625 0.290271875 0.5406718749999999 0.310340625 0.5635234375 0.328384375
0 0.597696875 0.3144015625 0.61313125 0.29815 0.5775125 0.2726375 0.5624640624999999 0.289190625 0.597696875 0.3144015625
0 0.48655625 0.2527875 0.533165625 0.2849203125 0.5468296875 0.270425 0.49947968749999994 0.23805625 0.48655625 0.2527875
0 0.5041734375 0.23325625 0.5504 0.266334375 0.5637171875 0.25358281250000003 0.51649375 0.218284375 0.50388125 0.23263906250000002 0.5041734375 0.23325625
0 0.3862109375 0.1154140625 0.40227500000000005 0.1285765625 0.411365625 0.1214625 0.3958953125 0.10730312500000001 0.386903125 0.115978125 0.3862109375 0.1154140625
0 0.416996875 0.14095 0.42528125 0.134203125 0.41477812500000005 0.12318124999999999 0.4076171875 0.1314140625 0.416996875 0.14095
0 0.3107203125 0.1142078125 0.3445421875 0.080484375 0.3345828125 0.0721328125 0.302434375 0.10735468749999999 0.3107203125 0.1142078125
0 0.323871875 0.1271078125 0.3424109375 0.1104609375 0.3321484375 0.099846875 0.3145734375 0.1187828125 0.323871875 0.1271078125
0 0.3521921875 0.1034328125 0.3939859375 0.059654687500000005 0.3829625 0.0513765625 0.34294375 0.0954 0.3521921875 0.1034328125
0 0.37775781249999996 0.1142296875 0.3958515625 0.09661562500000001 0.38916249999999997 0.0902703125 0.39845 0.08023749999999999 0.4055046875 0.0853609375 0.4130234375 0.076171875 0.3971546875 0.062571875 0.3613375 0.1016359375 0.37775781249999996 0.1142296875
0 0.35628906250000003 0.0660375 0.37504375 0.045821875 0.364753125 0.038554687500000004 0.346996875 0.058923437499999995 0.35628906250000003 0.0660375