0 0 0.83955 0.001921875 0.9051750000000001 0.0581984375 0.8596046875000001 0.020273437499999998 0.82686875 0 0.83955
0 0.370434375 0.8195609375 0.38108906249999996 0.81021875 0.399534375 0.8262562499999999 0.4301734375 0.79763125 0.39260625 0.7677125 0.3533875 0.802375 0.370434375 0.8195609375
0 0.19858437499999998 0.733690625 0.267753125 0.6736109375 0.232725 0.6428296875 0.16416718749999998 0.6988640625 0.19858437499999998 0.733690625
0 0.172378125 0.6654625000000001 0.21775937500000003 0.6253046875 0.181040625 0.5934390625 0.1351578125 0.6342515625 0.172378125 0.6654625000000001
0 0.07120937499999999 0.655228125 0.085465625 0.6424562500000001 0.0700078125 0.628196875 0.05538125000000001 0.6415046875 0.07120937499999999 0.655228125
0 0.0968328125 0.637484375 0.10930625000000001 0.6248125 0.099375 0.6157390625 0.0876875 0.627659375 0.0968328125 0.637484375
0 0.1169234375 0.6141296875 0.13211562500000001 0.6022515625 0.12207656250000001 0.5893703125 0.1081265625 0.6052421875 0.1169234375 0.6141296875
0 0.119159375 0.5817281249999999 0.1283921875 0.5724 0.1206296875 0.5668296875000001 0.111421875 0.5749140625 0.119159375 0.5817281249999999
0 0.1350546875 0.5702265625 0.15088593749999998 0.55534375 0.141796875 0.5499609375000001 0.1299828125 0.5611765625 0.1350546875 0.5702265625
0 0.098728125 0.4694671875 0.10756718750000001 0.46358125 0.0700078125 0.4312625 0.061975 0.437778125 0.098728125 0.4694671875
0 0.0867984375 0.43987031249999997 0.095965625 0.43121875000000004 0.08339375 0.41944375 0.0751609375 0.4272296875 0.0867984375 0.43987031249999997
0 0.112040625 0.46035000000000004 0.12125625 0.45051406250000003 0.11434531249999999 0.4452375 0.10390312500000001 0.4535171875 0.112040625 0.46035000000000004
0 0.09931562499999999 0.42943125000000004 0.108625 0.42069531250000003 0.098478125 0.41098125 0.090325 0.41668125 0.09931562499999999 0.42943125000000004
0 0.05892968750000001 0.402790625 0.09939375 0.37035625 0.0659125 0.34125 0.026254687500000002 0.37394531249999996 0.05892968750000001 0.402790625
0 0.04190625 0.2933109375 0.05957343750000001 0.2791734375 0.0407609375 0.2656640625 0.0428765625 0.2624 0.0619109375 0.2761546875 0.0750015625 0.263728125 0.047396875 0.2424171875 0.0318234375 0.2549109375 0.036521874999999995 0.259225 0.0352609375 0.26108125000000004 0.030093750000000002 0.25785 0.0156109375 0.2710578125 0.04190625 0.2933109375
0 0.07026875 0.3157828125 0.0935765625 0.29572031249999997 0.07259062499999999 0.27801718750000004 0.063228125 0.27801718750000004 0.04399375 0.2955375 0.07026875 0.3157828125
0 0.9652015625000001 0.5894625 0.9984375 0.5636265625 0.9984375 0.5542328125 0.9707671875000001 0.5259890625 0.9319625 0.5583625 0.9652015625000001 0.5894625
0 0.71540625 0.5928015624999999 0.7257796875 0.581953125 0.69099375 0.5515531250000001 0.6819828125 0.561609375 0.71540625 0.5928015624999999
0 0.732609375 0.5767921874999999 0.741128125 0.56769375 0.7064703125 0.5417265625 0.6997421875 0.5501640625 0.732609375 0.5767921874999999
0 0.7512203125 0.5620421875 0.7602328125 0.5542046875 0.726721875 0.5259625 0.719475 0.534378125 0.7512203125 0.5620421875
0 0.7646703125000001 0.549015625 0.7757875000000001 0.5383718749999999 0.7506890625 0.5209515625 0.7411828125000001 0.5280625 0.7646703125000001 0.549015625
0 0.782203125 0.5340203125 0.793371875 0.5237484375 0.76805625 0.5048296875 0.7593328125000001 0.5144828125 0.7814375 0.5324046874999999 0.782203125 0.5340203125
0 0.6020734375 0.4662890625 0.65375625 0.4118015625 0.6183453125 0.3915171875 0.5670375 0.44280156249999997 0.6020734375 0.4662890625
0 0.3841765625 0.3152703125 0.39748125 0.3017625 0.37978125 0.28784062499999996 0.36685625 0.30244375 0.3841765625 0.3152703125
0 0.40126718749999996 0.2974328125 0.41462343749999997 0.2855171875 0.377065625 0.259759375 0.3642640625 0.2731984375 0.40126718749999996 0.2974328125
0 0.5329609375000001 0.25135 0.544365625 0.2629953125 0.6142890624999999 0.203684375 0.5908578125 0.18369843749999998 0.5629515625 0.2095109375 0.5716390625 0.2163984375 0.5322281249999999 0.249740625 0.5329609375000001 0.25135
0 0.48410937499999995 0.1743078125 0.489178125 0.16896093750000002 0.4812890625 0.16374375000000002 0.4858515625 0.15886406250000001 0.476125 0.15123124999999998 0.4671765625 0.160290625 0.48410937499999995 0.1743078125
0 0.5253640625 0.18144375 0.532515625 0.17214218750000002 0.4952375 0.14582343749999999 0.4880578125 0.1541546875 0.5253640625 0.18144375
0 0.5246265625000001 0.1594796875 0.5320296875 0.15041875 0.5030734375 0.1291671875 0.49568124999999996 0.13845000000000002 0.5246265625000001 0.1594796875
0 0.459128125 0.1148296875 0.46201875000000003 0.1246375 0.4709359375 0.1241828125 0.47045312499999997 0.11215781250000001 0.4609671875 0.112075 0.4609671875 0.103640625 0.43951406249999997 0.10796406249999999 0.4407859375 0.11646562499999999 0.459128125 0.1148296875
0 0.4595859375 0.13549375 0.4596828125 0.12427812499999999 0.4142 0.12744843749999998 0.4142 0.13611562500000002 0.4595859375 0.13549375
0 0.43926875 0.151534375 0.43969218750000005 0.1422390625 0.4283140625 0.143778125 0.428425 0.15250468749999999 0.43926875 0.151534375
0 0.3769703125 0.0444625 0.4070078125 0.013279687500000002 0.3911921875 0.0006609375 0.3824546875 0.007959375000000001 0.37498593750000003 0.001371875 0.36700468750000004 0.0076625 0.37727187500000003 0.0157796875 0.37246562499999997 0.0212875 0.36393749999999997 0.013098437499999999 0.3295336625 0.050832682812499995 0.3299140625 0.050539062499999995 0.347934375 0.0649078125 0.3690453125 0.0481640625 0.3607703125 0.0422890625 0.36760468749999997 0.036065625000000004 0.3769703125 0.0444625
0 0.312203125 0.036712499999999995 0.3029875 0.045084374999999996 0.319503125 0.058575 0.3294066703125 0.05093070625 0.312203125 0.036712499999999995
0 0.8710265625 0.1302390625 0.8361734375 0.15829218750000001 0.8684125 0.19121875 0.9157968750000001 0.1504875 0.8872734375 0.127284375 0.8763828124999999 0.13626875 0.8710265625 0.1302390625
0 0.74750625 0 0.736721875 0.00739375 0.7645546875 0.0293609375 0.7826562499999999 0.014478125 0.7624093750000001 0 0.74750625 0