0 0.390534375 0.27053125 0.35893125000000003 0.3354421875 0.4063359375 0.343221875 0.41533125000000004 0.31818124999999997 0.4216515625 0.317209375 0.432834375 0.2780671875 0.39027968749999997 0.2704734375 0.390534375 0.27053125
0 0.44255781250000004 0.24403125 0.467840625 0.2700453125 0.4799953125 0.25715937499999997 0.4536765625 0.233825 0.44255781250000004 0.24403125
0 0.456171875 0.23065937500000003 0.4858296875 0.258375 0.500415625 0.24646249999999997 0.468121875 0.217775 0.456171875 0.23065937500000003
0 0.3864015625 0.19708281249999998 0.4189765625 0.225528125 0.4330765625 0.20948281249999998 0.4036546875 0.184321875 0.3864015625 0.19708281249999998
0 0.398984375 0.4021875 0.43410312500000003 0.4321125 0.4619484375 0.4069671875 0.4284921875 0.38473125 0.398984375 0.4021875
0 0.45010312499999994 0.36 0.5282375 0.42754062499999995 0.5635640625 0.3936671875 0.48522187499999997 0.32737343750000003 0.45010312499999994 0.36
0 0.5267421875 0.4650609375 0.5651359375 0.5012515625 0.6174328124999999 0.4476265625 0.578609375 0.420328125 0.5267421875 0.4650609375
0 0.49916875000000005 0.1889171875 0.533278125 0.2105609375 0.5428 0.1986140625 0.5111609374999999 0.1785390625 0.49916875000000005 0.1889171875
0 0.3015109375 0.055856249999999996 0.33605625 0.095690625 0.34794843750000004 0.0871953125 0.3134515625 0.048009375 0.3015109375 0.055856249999999996
0 0.2841421875 0.06718437499999999 0.318121875 0.10871718749999999 0.3317140625 0.098334375 0.29745625000000003 0.05777187499999999 0.2841421875 0.06718437499999999
0 0.3211421875 0.044906249999999995 0.337 0.06454062499999999 0.356065625 0.0477390625 0.3456828125 0.0413203125 0.3405859375 0.04301875 0.3325609375 0.034300000000000004 0.3211421875 0.044906249999999995
0 0.3378109375 0.3581609375 0.350440625 0.36784374999999997 0.346440625 0.3735265625 0.358228125 0.385525 0.38959062499999997 0.35647656250000004 0.365946875 0.33864375 0.3378109375 0.3581609375
0 0.1263703125 0.6045796875 0.1789578125 0.6449703125 0.23588125 0.59834375 0.1852265625 0.55899375 0.1263703125 0.6045796875
0 0.08105 0.46816874999999997 0.11580625 0.49445937500000003 0.1320703125 0.475521875 0.10247656249999999 0.45332343750000004 0.08105 0.46816874999999997
0 0.09731406249999999 0.5147359375 0.11313124999999999 0.495796875 0.07796093750000001 0.467296875 0.05765625 0.48265156249999996 0.09731406249999999 0.5147359375
0 0.25106562499999996 0.7094984375 0.29295625 0.74995625 0.35579062499999997 0.6954390625 0.308453125 0.65893125 0.25106562499999996 0.7094984375
0 0.32463125000000004 0.7436906249999999 0.3449109375 0.760634375 0.3669875 0.740096875 0.348853125 0.7240078125 0.32463125000000004 0.7436906249999999
0 0.38919375 0.80126875 0.440103125 0.858325 0.49035312500000006 0.8039015624999999 0.44476562499999994 0.7598953125000001 0.38919375 0.80126875
0 0.93349375 0.3022140625 0.954296875 0.3196625 0.9654812500000001 0.309596875 0.9422328125 0.293184375 0.93349375 0.3022140625
0 0.9198484375 0.3198859375 0.941546875 0.33800625 0.9538500000000001 0.323465625 0.9284484375 0.3032765625 0.9198484375 0.3198859375
0 0.9984375 0.393609375 0.9962843749999999 0.3423203125 0.9692515625 0.372434375 0.9984375 0.393609375
0 0.561640625 0.323065625 0.6045125 0.3612421875 0.6456234375000001 0.321890625 0.6347578125 0.3145484375 0.6532578124999999 0.2954609375 0.6210359375000001 0.2727515625 0.561640625 0.323065625
0 0.0006046875 0.31699375 0.0247984375 0.345678125 0.039265625 0.3324578125 0.05248437500000001 0.3192375 0.023329687499999998 0.29534375 0.0006046875 0.31699375
0 0.068103125 0.6764421875 0.11043906249999999 0.7134875 0.129978125 0.6959828124999999 0.08645312499999999 0.6594078125 0.068103125 0.6764421875
0 0.046528125 0.69516875 0.0884578125 0.7362859375 0.1075890625 0.714709375 0.064953125 0.6791171874999999 0.046528125 0.69516875
0 0.1144484375 0.74309375 0.1479125 0.7757 0.1670734375 0.761971875 0.12808906250000002 0.7314234374999999 0.1144484375 0.74309375
0 0.140475 0.7133468749999999 0.17536875000000002 0.7468125 0.21283593750000002 0.7124890625 0.17686875 0.6823296875 0.140475 0.7133468749999999
0 0.843915625 0.8375875 0.8960437499999999 0.886959375 0.9585968749999999 0.823175 0.9035828125 0.77810625 0.843915625 0.8375875
0 0.809778125 0.96629375 0.8481078125 0.9984375 0.8956359375 0.9598531250000001 0.8587078125 0.9296031250000001 0.809778125 0.96629375
0 0.7423093749999999 0.972378125 0.7689874999999999 0.9732984374999999 0.7751203125 0.9567390625 0.7541109374999999 0.9549093750000001 0.7423093749999999 0.972378125
0 0.7423093749999999 0.988325 0.7303515625 0.9895515625 0.72943125 0.9984375 0.7619343749999999 0.9984375 0.7604015625 0.991390625 0.795971875 0.9969109375 0.8014906249999999 0.9797375 0.7419640625 0.974815625 0.7423093749999999 0.988325
0 0.3820734375 0.7061625 0.41755000000000003 0.7410328125000001 0.4585 0.7023109375 0.42070937500000005 0.6730265625 0.3820734375 0.7061625
0 0.8749750000000001 0.028146875 0.9281328125 0.07359687499999999 0.959378125 0.04194375 0.91043125 0.0031796875000000002 0.8749750000000001 0.028146875
0 0.988715625 0.280578125 0.9984375 0.2780890625 0.9982984374999999 0.235540625 0.96930625 0.24623750000000003 0.988715625 0.280578125
0 0.9813578125 0.8041124999999999 0.9984375 0.7826390625 0.996809375 0.754190625 0.9653984375 0.781478125 0.9813578125 0.8041124999999999