0 0.83213125 0.37951718749999996 0.9248937500000001 0.4466546875 0.9408031250000001 0.425465625 0.8487218750000001 0.35879062500000003 0.83213125 0.37951718749999996
0 0.905534375 0.470596875 0.9229625 0.449534375 0.8305515625 0.3816921875 0.8141562499999999 0.4025 0.905534375 0.470596875
0 0.8334703125 0.4701765625 0.8483265624999999 0.44736093749999994 0.76848125 0.3891046875 0.7537421875 0.408275 0.8334703125 0.4701765625
0 0.8139312500000001 0.7593890625 0.8213296874999999 0.7656484375 0.8381515625 0.7461515624999999 0.8286921875000001 0.7386484375 0.8139312500000001 0.7593890625
0 0.8331687499999999 0.775 0.8491250000000001 0.7552828125 0.8419484374999999 0.7484953125 0.825803125 0.767575 0.8331687499999999 0.775
0 0.8402390625 0.7424593749999999 0.869396875 0.7010875000000001 0.8619375 0.69495 0.8324921875 0.734778125 0.8402390625 0.7424593749999999
0 0.844246875 0.7438734375 0.851871875 0.7496343750000001 0.8810203124999999 0.7123921875 0.8731140625 0.7056828125 0.844246875 0.7438734375
0 0.8803296875 0.687190625 0.8871015625 0.67866875 0.879646875 0.6731 0.8731140625 0.6809796875 0.8803296875 0.687190625
0 0.8924140625 0.6951046875 0.89935625 0.6875421875 0.8922734374999999 0.6809921875 0.8854656249999999 0.6905859375000001 0.8924140625 0.6951046875
0 0.9184875 0.0447125 0.9189140625000001 0.0339984375 0.9109812500000001 0.0339984375 0.906803125 0.02840625 0.8636328125 0.028075 0.8635328124999999 0.0386453125 0.9184875 0.0447125
0 0.47481718749999996 0.25048593750000003 0.485375 0.2343125 0.449209375 0.210415625 0.43809062499999996 0.22521093749999999 0.47481718749999996 0.25048593750000003
0 0.50180625 0.23753125000000003 0.5141515625 0.22104531249999998 0.4682234375 0.1878765625 0.45672968750000004 0.2036015625 0.50180625 0.23753125000000003
0 0.5180390625 0.2184515625 0.5298703125 0.202815625 0.5082421874999999 0.184759375 0.497134375 0.2010140625 0.5180390625 0.2184515625
0 0.36274375000000003 0.13411875 0.3516421875 0.1494578125 0.391634375 0.176959375 0.38985 0.1743953125 0.4018515625 0.1599296875 0.36274375000000003 0.13411875
0 0.34970625 0.1519671875 0.337821875 0.16432968750000002 0.3743015625 0.1922171875 0.3868921875 0.177203125 0.34970625 0.1519671875
0 0.22210156250000002 0.2477125 0.24215468750000002 0.2218421875 0.206721875 0.195403125 0.1829046875 0.22061250000000002 0.22210156250000002 0.2477125
0 0.1620109375 0.1769859375 0.18313593749999998 0.150534375 0.2019859375 0.1283453125 0.17670312500000002 0.110146875 0.1549515625 0.1358078125 0.126703125 0.1203890625 0.114284375 0.1375546875 0.1620109375 0.1769859375
0 0.154303125 0.1854 0.145903125 0.17556093749999999 0.137090625 0.1863703125 0.160578125 0.20539374999999999 0.1769484375 0.1842859375 0.165621875 0.177165625 0.154303125 0.1854
0 0.0483578125 0.0721921875 0.0599125 0.0792984375 0.0687265625 0.0655234375 0.057134375 0.0555640625 0.0483578125 0.0721921875
0 0.024962500000000002 0.07823593749999999 0.04555 0.093515625 0.052801562499999996 0.084103125 0.0301015625 0.0671671875 0.024962500000000002 0.07823593749999999
0 0.0187859375 0.0449234375 0.0316546875 0.029254687499999998 0.0191328125 0.020696875 0.0081625 0.035473437499999996 0.0187859375 0.0449234375
0 0.023860937500000002 0.1029671875 0.031653125 0.093196875 0.0188359375 0.0853875 0.0131 0.094621875 0.023860937500000002 0.1029671875
0 0 0.06456406249999999 0.011759374999999999 0.0761109375 0.025873437500000002 0.0609421875 0 0.0419734375 0 0.06456406249999999
0 0.0204953125 0.1315484375 0.0317546875 0.1156421875 0.018521875 0.10610625 0.007473437500000001 0.120596875 0.0204953125 0.1315484375
0 0.1236890625 0.11944218749999999 0.1502515625 0.0882015625 0.12389687499999999 0.07021875 0.099725 0.10153749999999999 0.1236890625 0.11944218749999999
0 0.021278125000000002 0.505684375 0.0097328125 0.49908281250000003 0.00241875 0.5077046875 0.0371859375 0.5336859375 0.0479921875 0.5194468750000001 0.024332812500000002 0.5015828124999999 0.021278125000000002 0.505684375
0 0 0.5401312500000001 0.01874375 0.556509375 0.032578125 0.540721875 0.0016937500000000002 0.5159609374999999 0 0.5401312500000001
0 0.155978125 0.6981296875 0.1811765625 0.6647953125 0.1703453125 0.6571265625 0.1921046875 0.6297625 0.1569890625 0.6024484375 0.10709687500000001 0.6623953124999999 0.155978125 0.6981296875
0 0.0956453125 0.7873796875 0.1148390625 0.7616734375 0.08950312499999999 0.7428203124999999 0.0937484375 0.7362656249999999 0.0435640625 0.700175 0.0215609375 0.7289343749999999 0.0956453125 0.7873796875
0 0.321790625 0.9581984374999999 0.3712984375 0.8981328124999999 0.317965625 0.8583796875 0.268453125 0.918390625 0.321790625 0.9581984374999999
0 0.32074375 0.9984375 0.35188125000000003 0.9984375 0.379790625 0.9696 0.35872187499999997 0.952928125 0.32074375 0.9984375
0 0.3756078125 0.9984375 0.402640625 0.9984375 0.436359375 0.9588609375000001 0.42034062499999997 0.947040625 0.3756078125 0.9984375