0 0.3640609375 0.8815015624999999 0.34814375000000003 0.8801249999999999 0.3431375 0.9059421875 0.3613765625 0.9073328125 0.3640609375 0.8815015624999999
0 0.392465625 0.9407375 0.3949859375 0.913865625 0.32550625 0.910425 0.3251890625 0.9382296875 0.392465625 0.9407375
0 0.44917968750000004 0.942309375 0.45261250000000003 0.9151468749999999 0.41778750000000003 0.9157484374999999 0.41563906250000004 0.94274375 0.44917968750000004 0.942309375
0 0.35073750000000004 0.972725 0.3577234375 0.9465390625 0.3047390625 0.942109375 0.303284375 0.9697125 0.35073750000000004 0.972725
0 0.41740625 0.9731390624999999 0.42179687499999996 0.9486140625000001 0.37280156249999996 0.94648125 0.3700515625 0.9741765625 0.41740625 0.9731390624999999
0 0.38571093749999996 0.9984375 0.3888109375 0.9793765625 0.320265625 0.9787640625 0.3189078125 0.9984375 0.38571093749999996 0.9984375
0 0.11081875000000001 0.9373765625000001 0.16990624999999998 0.9984375 0.1937734375 0.9772562499999999 0.13406562500000002 0.9148578125 0.11081875000000001 0.9373765625000001
0 0.0844 0.9646859375 0.110059375 0.9984375 0.1631578125 0.9984375 0.10699531250000001 0.9416453125 0.0844 0.9646859375
0 0.0410125 0.63930625 0.07739375 0.6871734375 0.11302343749999999 0.6530625 0.071575 0.6097546875 0.0410125 0.63930625
0 0.09302656249999999 0.5881171875 0.13268437500000002 0.6329906249999999 0.15917187500000002 0.6077921875000001 0.1401765625 0.584803125 0.153496875 0.573109375 0.1301140625 0.5505390625000001 0.0939765625 0.5884453125 0.09302656249999999 0.5881171875
0 0 0.6211921874999999 0.007931249999999999 0.6381249999999999 0.08442812499999999 0.558128125 0.034421875000000005 0.5026640625 0 0.537153125 0 0.6211921874999999
0 0.42207812499999997 0.4124671875 0.481534375 0.472584375 0.5320546875 0.42385624999999993 0.47109218750000004 0.363378125 0.42207812499999997 0.4124671875
0 0.9039609375 0.51078125 0.93583125 0.478840625 0.9221656250000001 0.46640625 0.8912265625 0.49734531249999997 0.9039609375 0.51078125
0 0.9326578124999999 0.4955015625 0.9102546874999999 0.5186171875000001 0.935284375 0.542628125 0.95713125 0.521003125 0.9426953125 0.5067796875 0.9532187499999999 0.49745937500000004 0.93725 0.4817265625 0.927834375 0.492446875 0.9326578124999999 0.4955015625
0 0.515403125 0.1472921875 0.5687671875 0.20864218750000002 0.6194531249999999 0.1584140625 0.5621578125 0.09781562499999999 0.5131859375000001 0.1448015625 0.515403125 0.1472921875