0 0.1293296875 0.997046875 0.1398578125 0.987271875 0.10150937499999999 0.9571953125 0.062409375 0.9977984375 0.1293296875 0.997046875
0 0.1650453125 0.7196703125 0.1738921875 0.7114328125 0.124775 0.6656718749999999 0.115928125 0.6729937500000001 0.1650453125 0.7196703125
0 0.0960984375 0.6876375 0.1250796875 0.715703125 0.13484218750000002 0.7065515625 0.103725 0.6790953125 0.0960984375 0.6876375
0 0.07809843749999999 0.7056359375000001 0.097928125 0.7260765625000001 0.1119625 0.7166187500000001 0.09060625 0.6952640625 0.07809843749999999 0.7056359375000001
0 0 0.7733625 0.032642187499999996 0.7456015625 0.0231859375 0.7330921874999999 0 0.7523125 0 0.7733625
0 0.0045765625 0.8224796874999999 0.061320312499999995 0.7748875 0.046371875 0.762684375 0 0.8038703125 0.0045765625 0.8224796874999999
0 0.5010046874999999 0.7337796875 0.5176890625 0.71821875 0.50180625 0.7036203125 0.4867265625 0.7180593749999999 0.5010046874999999 0.7337796875
0 0.46587187500000005 0.747415625 0.48608593750000006 0.762978125 0.49314375000000005 0.7519078125 0.47325156249999994 0.7385937499999999 0.46587187500000005 0.747415625
0 0.9718937499999999 0.98120625 0.9984375 0.9984375 0.9984375 0.96816875 0.985196875 0.9569953124999999 0.9718937499999999 0.98120625
0 0.9452890625 0.9984375 0.9780140625 0.9984375 0.9572609375000001 0.9836 0.9452890625 0.9984375
0 0.88515 0.7383984375 0.9178390625 0.765059375 0.9324453125 0.7523078125 0.9016109374999999 0.7251828125 0.88515 0.7383984375
0 0.8845600734374999 0.7421956328125 0.871703125 0.757409375 0.898828125 0.7831421875 0.9164484375 0.76876875 0.8845600734374999 0.7421956328125
0 0.8052718750000001 0.747140625 0.8205203125 0.761434375 0.852921875 0.739515625 0.83005 0.726175 0.8052718750000001 0.747140625
0 0.865840625 0.3045375 0.9118203125000001 0.3409625 0.936303125 0.3203609375 0.88883125 0.281846875 0.865840625 0.3045375
0 0.7640296875 0.23019375000000003 0.8329984375 0.29229531249999996 0.8562875 0.2773671875 0.780153125 0.214071875 0.7640296875 0.23019375000000003
0 0.8112031249999999 0.3197640625 0.8368796875 0.29557968749999997 0.8174734375 0.2779640625 0.8115015624999999 0.2806515625 0.769703125 0.2436296875 0.7732859375000001 0.2403453125 0.7634328125 0.2298953125 0.737159375 0.2522875 0.8112031249999999 0.3197640625
0 0.6923812500000001 0.1062671875 0.6612828125 0.1369515625 0.6588125 0.1392171875 0.6530453125 0.1433359375 0.6530453125 0.1435421875 0.656340625 0.1474546875 0.6600484375 0.1497203125 0.6614890625000001 0.1501328125 0.6654015625 0.15136875 0.66684375 0.1542515625 0.6670499999999999 0.15589843750000001 0.6703453125000001 0.15857656250000002 0.67116875 0.1589875 0.673021875 0.15960625 0.6779640625 0.1626953125 0.67940625 0.163725 0.67940625 0.1676375 0.6740515625 0.1668140625 0.673021875 0.1672265625 0.6717859374999999 0.1676375 0.6699328125 0.1690796875 0.6678734375000001 0.1707265625 0.66684375 0.1711390625 0.661078125 0.174228125 0.664990625 0.17566874999999998 0.6660203124999999 0.17917031249999998 0.6703453125000001 0.1839078125 0.6738453125 0.1894671875 0.690321875 0.20058906250000003 0.6923812500000001 0.1983234375 0.6950578125 0.1956453125 0.70020625 0.19111562499999998 0.710503125 0.18328906250000002 0.7140046875 0.178346875 0.719359375 0.1725796875 0.723684375 0.1688734375 0.7333640625 0.16145937500000002 0.723065625 0.1546640625 0.719565625 0.1519859375 0.7177125 0.149103125 0.714828125 0.144984375 0.7080328125 0.1418953125 0.7072093749999999 0.13798125 0.7082390625 0.134275 0.710709375 0.132421875 0.7173 0.1303625 0.719771875 0.128096875 0.7185359375 0.1248015625 0.7057671875 0.1173875 0.6948515625 0.106884375 0.6923812500000001 0.1062671875
0 0.786875 0.12921875 0.79609375 0.12140625000000001 0.74734375 0.07734375 0.7390625 0.08640624999999999 0.786875 0.12921875
0 0.753125 0.07703125 0.80296875 0.11968749999999999 0.81171875 0.1103125 0.7640625 0.06687499999999999 0.753125 0.07703125
0 0.7631249999999999 0.06343750000000001 0.8034375 0.09859375000000001 0.8150000000000001 0.09 0.77453125 0.0521875 0.7631249999999999 0.06343750000000001
0 0.77578125 0.05078125 0.81546875 0.08687500000000001 0.8278125 0.07718749999999999 0.7884375 0.0396875 0.77578125 0.05078125
0 0.10703125 0.16359375 0.1559375 0.17921875 0.1615625 0.16468750000000001 0.11421875 0.14984375 0.10703125 0.16359375
0 0.1125 0.19359375 0.1496875 0.18734375 0.1496875 0.1753125 0.1125 0.17906249999999999 0.1125 0.19359375
0 0.0054109375 0.265540625 0.009156250000000001 0.2934265625 0.0258046875 0.29301093749999996 0.026221875 0.283021875 0.08615468750000001 0.2776109375 0.0811609375 0.25888125 0.011237500000000001 0.265540625 0.0054109375 0.265540625
0 0.33484375 0.6715625000000001 0.33546875 0.67296875 0.33671875 0.6734375 0.33875 0.67265625 0.34187500000000004 0.67125 0.34578125000000004 0.66890625 0.34953124999999996 0.66578125 0.35296875 0.6626562500000001 0.35640625 0.65953125 0.35296875 0.65703125 0.33640625 0.6709375 0.33484375 0.6715625000000001
0 0.010575 0.33348125 0.030351562500000002 0.35090937499999997 0.040534375 0.34053125 0.020365625000000002 0.32427812500000003 0.010575 0.33348125
0 0.0078328125 0.3366140625 0.007245312499999999 0.33700625 0.003915625 0.338571875 0.0029375 0.3401390625 0.0003921875 0.34111875 0.0005875 0.3460140625 0.0170359375 0.3628546875 0.027414062500000003 0.352671875 0.008028125 0.33524375 0.0078328125 0.3366140625
0 0 0.3779328125 0.015665625 0.3634421875 0.0009796875 0.3507140625 0 0.3779328125