0 0.30254664062500003 0.9053433046875 0.343878125 0.9353421875000001 0.35791249999999997 0.9126265625000001 0.316496875 0.8814546875 0.30254664062500003 0.9053433046875
0 0.3856109375 0.9662765625 0.40249687500000003 0.943128125 0.36250781249999997 0.9153234375 0.3463234375 0.9384921875 0.3856109375 0.9662765625
0 0.28938437499999997 0.9206625 0.3302953125 0.9507609374999999 0.339071875 0.9415421875 0.295671875 0.9104906250000001 0.28938437499999997 0.9206625
0 0.332478125 0.9543109375000001 0.3745015625 0.9839687500000001 0.3828578125 0.9732578125 0.33973437500000003 0.9463171875 0.332478125 0.9543109375000001
0 0.17570625 0.0391265625 0.1871 0.021871875 0.16087968749999998 0.00241875 0.15125625 0.0187 0.17570625 0.0391265625
0 0.17215625 0 0.20590625 0.027240625 0.210503125 0.0198484375 0.22275312500000002 0.0299671875 0.22768281250000003 0.02581875 0.1924390625 0 0.17215625 0
0 0.24011875 0.07286875000000001 0.2495703125 0.06400312500000001 0.233346875 0.0540296875 0.22880937499999998 0.063253125 0.24011875 0.07286875000000001
0 0.260071875 0.059010937500000006 0.2691578125 0.0489609375 0.253646875 0.0365265625 0.246959375 0.0484015625 0.260071875 0.059010937500000006
0 0.2735171875 0.042112500000000004 0.2830859375 0.0263875 0.2684171875 0.0166640625 0.25906093750000003 0.032451562499999996 0.2735171875 0.042112500000000004
0 0.2873046875 0.0225296875 0.300325 0.0061984375 0.2837859375 0 0.2755609375 0.014299999999999998 0.2873046875 0.0225296875
0 0.24123437499999997 0 0.21230937499999997 0.0005499999999999999 0.23245468749999998 0.01395 0.24123437499999997 0