0 0.5968265625 0.9529015624999999 0.6147453125 0.9345234375 0.601421875 0.9280921875000001 0.6243937500000001 0.9087953125 0.603259375 0.8890375 0.5959078124999999 0.88811875 0.560990625 0.9257937500000001 0.5968265625 0.9529015624999999
0 0.638178125 0.92028125 0.6643671875 0.8894968750000001 0.640015625 0.8702 0.6133671875 0.8977671875000001 0.638178125 0.92028125
0 0.4465859375 0.753959375 0.41626250000000004 0.7277703125 0.39880312500000004 0.7475265624999999 0.4282078125 0.77141875 0.4465859375 0.753959375
0 0.4208578125 0.7291484374999999 0.448884375 0.750284375 0.4571546875 0.7401765625000001 0.4268296875 0.7172031249999999 0.4199390625 0.7277703125 0.4208578125 0.7291484374999999
0 0.160228125 0.5592953125 0.1702421875 0.54978125 0.1086546875 0.5012125000000001 0.10164375 0.511728125 0.160228125 0.5592953125
0 0.1727453125 0.5467765625000001 0.17725156250000002 0.54076875 0.116665625 0.49520468749999996 0.11115781250000001 0.4997109375 0.1727453125 0.5467765625000001
0 0.42360156250000003 0.4581515625 0.4631578125 0.41659218750000004 0.4145890625 0.380040625 0.3745328125 0.41859531250000004 0.42360156250000003 0.4581515625
0 0.48118437500000005 0.40858125 0.5067203124999999 0.38304375 0.45715000000000006 0.3434875 0.4321140625 0.367521875 0.48118437500000005 0.40858125
0 0.3985671875 0.459153125 0.40707812499999996 0.4491390625 0.3965640625 0.44262968750000004 0.3880515625 0.45214218749999996 0.3985671875 0.459153125
0 0.3790390625 0.477178125 0.39155625 0.4626578125 0.3815421875 0.45314375 0.369525 0.47117031249999997 0.3790390625 0.477178125
0 0.3640171875 0.49169843750000003 0.37202812500000004 0.4826859375 0.3615140625 0.475175 0.35550468749999997 0.4836875 0.3640171875 0.49169843750000003
0 0.385046875 0.50571875 0.3945609375 0.49670625 0.3855484375 0.4871921875 0.3775359375 0.49570468749999996 0.385046875 0.50571875
0 0.411084375 0.49520468749999996 0.41809375 0.4871921875 0.4080796875 0.4786796875 0.40157031249999997 0.48769375000000004 0.411084375 0.49520468749999996
0 0.0617046875 0.12764375 0.09860624999999999 0.0907421875 0.073803125 0.0719890625 0.068359375 0.0774328125 0.044765624999999996 0.0586796875 0.0120984375 0.0907421875 0.0617046875 0.12764375