0 0.08411093750000001 0.5568 0.12239531249999999 0.592625 0.1587640625 0.5581671874999999 0.12276875000000001 0.5275109375 0.08411093750000001 0.5568
0 0.028795312499999996 0.630165625 0.056882812500000005 0.65239375 0.0657734375 0.6433 0.0360203125 0.6205828125 0.028795312499999996 0.630165625
0 0.014651562500000001 0.6426937500000001 0.0421328125 0.6665390625 0.052437500000000005 0.6562328125 0.0226796875 0.6328125 0.014651562500000001 0.6426937500000001
0 0.0015171874999999999 0.65724375 0.02859375 0.6794718750000001 0.0395046875 0.669771875 0.0087921875 0.6453218749999999 0.0015171874999999999 0.65724375
0 0.1244640625 0.6245109375 0.1634625 0.655428125 0.2267078125 0.596421875 0.1874359375 0.5649968750000001 0.1244640625 0.6245109375
0 0.514328125 0.573165625 0.55164375 0.60225625 0.5705 0.5846015625 0.532003125 0.5569734375000001 0.514328125 0.573165625
0 0.5618149921875 0.54576908125 0.5424140625 0.561328125 0.5741125 0.585003125 0.5905625 0.566946875 0.5618149921875 0.54576908125
0 0.6745515625 0.625621875 0.7230859374999999 0.667284375 0.73966875 0.652721875 0.722075 0.640790625 0.72955625 0.6337125 0.7433078125 0.6466546875 0.7554421875 0.6353296875 0.70784375 0.5959421875 0.6745515625 0.625621875
0 0.44690312499999996 0.829034375 0.5049984375000001 0.8788703124999999 0.5150140624999999 0.8681015625 0.45575 0.8214281250000001 0.44690312499999996 0.829034375
0 0.42336406249999997 0.8548296875 0.48321249999999993 0.8991546874999999 0.504496875 0.880371875 0.44417656250000004 0.8318984374999999 0.42336406249999997 0.8548296875
0 0.409340625 0.7659265625 0.428121875 0.7819546875000001 0.43838906250000004 0.7721875 0.419378125 0.7552984375 0.409340625 0.7659265625
0 0.39456718749999997 0.7784484375 0.4063359375 0.7862125 0.4161015625 0.7756937500000001 0.40449843750000003 0.7696265624999999 0.39456718749999997 0.7784484375
0 0.4238640625 0.755659375 0.44139375000000003 0.7691828125 0.45166093749999997 0.759415625 0.43095156250000005 0.745103125 0.4238640625 0.755659375
0 0.4561671875 0.7524046875 0.4762015625 0.76793125 0.48521562500000004 0.7571625 0.4645671875 0.744 0.4561671875 0.7524046875
0 0.44915625 0.766428125 0.46443124999999996 0.77945 0.4764515625 0.7694328125000001 0.45850625 0.756675 0.44915625 0.766428125
0 0.43613437499999996 0.780953125 0.4531625 0.7894671875 0.46292968749999996 0.781453125 0.44638125000000006 0.7690750000000001 0.43613437499999996 0.780953125
0 0.3968203125 0.825278125 0.38780468749999997 0.8317890625000001 0.39581875 0.84180625 0.40508437500000005 0.8307874999999999 0.3965703125 0.8245265625 0.3968203125 0.825278125
0 0.34013125 0.9349703125 0.402846875 0.986909375 0.41721874999999997 0.9718828125 0.35690625 0.9215984374999999 0.34013125 0.9349703125
0 0.3238 0.9480359375 0.37410156250000004 0.9960546875 0.3914140625 0.9797218750000001 0.3382171875 0.9352562499999999 0.3238 0.9480359375
0 0.9200421875 0.8465812500000001 0.9430140625 0.8662328125000001 0.9507640625 0.855715625 0.9297734375 0.83996875 0.9200421875 0.8465812500000001
0 0.947721875 0.8695546875 0.9767828125 0.891696875 0.9861921875 0.882840625 0.95505 0.8603734375000001 0.947721875 0.8695546875
0 0.9178312500000001 0.8512875 0.9064828125 0.8606984375 0.9468921874999999 0.89308125 0.9568546874999999 0.8825640625 0.9182 0.8506265624999999 0.9178312500000001 0.8512875