0 0.7771796875 0.7696 0.776734375 0.7593453125 0.702271875 0.7588984375 0.703609375 0.7687078125 0.7771796875 0.7696
0 0.77495 0.7562234375 0.7745046875 0.745521875 0.7178765625 0.745521875 0.72010625 0.7544390625 0.77495 0.7562234375
0 0.7745046875 0.7419546875 0.774059375 0.7339296875 0.7192140625000001 0.732590625 0.72010625 0.7406171875 0.7745046875 0.7419546875
0 0.71876875 0.7285781250000001 0.7535484375 0.729025 0.7535484375 0.7196609375 0.71876875 0.72010625 0.71876875 0.7272406250000001 0.71876875 0.7285781250000001
0 0.75265625 0.7169859375 0.75265625 0.7107421875 0.7745046875 0.7102968749999999 0.774059375 0.7040546875 0.7178765625 0.706284375 0.7183234374999999 0.7138640625 0.75265625 0.7169859375
0 0.7718296875 0.701825 0.7718296875 0.6915703125 0.7152015625 0.692015625 0.7169859375 0.7009328125 0.7718296875 0.701825
0 0.7687078125 0.68889375 0.766925 0.6781937499999999 0.7138640625 0.6795312499999999 0.714309375 0.688003125 0.7687078125 0.68889375
0 0.7098515625 0.663925 0.7045 0.6487640625 0.6826515625 0.6487640625 0.68488125 0.6679375000000001 0.7098515625 0.663925
0 0.7383875 0.6572359375 0.7276859375 0.6420765625 0.7071765625 0.6478734375 0.7156484375 0.66125 0.7383875 0.6572359375
0 0.7633578125 0.6474265625 0.7588984375 0.6322671875 0.7339296875 0.641184375 0.744184375 0.652778125 0.7633578125 0.6474265625
0 0.6924609375 0.6465359375 0.7531015625 0.6295921875 0.7477515625 0.6193359375 0.6853281250000001 0.6389546875 0.6924609375 0.6465359375
0 0.4918125 0.21313437500000001 0.5381843749999999 0.1667609375 0.517228125 0.1516015625 0.494934375 0.1774625 0.459709375 0.1560609375 0.445440625 0.171665625 0.45302031249999997 0.1738953125 0.445440625 0.183259375 0.4918125 0.21313437500000001
0 0.1993109375 0.1502640625 0.20822968749999998 0.1315359375 0.2287390625 0.1422375 0.239440625 0.1244015625 0.181921875 0.0980953125 0.1765703125 0.11280937499999999 0.18771875 0.11994374999999999 0.1774625 0.1400078125 0.1993109375 0.1502640625
0 0 0.1823671875 0.035225 0.19440625 0.05618125 0.148034375 0 0.1261859375 0 0.1823671875
0 0.904709375 0.308265625 0.932521875 0.28045156250000003 0.9035500000000001 0.2607515625 0.9043218749999999 0.2565015625 0.8850078124999999 0.246071875 0.8819171875 0.2464578125 0.8506265624999999 0.2765890625 0.904709375 0.308265625
0 0.9220921875 0.217871875 0.9186156249999999 0.2225078125 0.9456562500000001 0.241821875 0.9529953125 0.2371859375 0.9665156250000001 0.2456859375 0.9923984375 0.217871875 0.938703125 0.18658125 0.9132078124999999 0.21284999999999998 0.9220921875 0.217871875
0 0.7841843749999999 0.12631874999999998 0.803884375 0.1050734375 0.7957734375000001 0.097346875 0.7463265625 0.1460203125 0.76911875 0.159540625 0.7965453124999999 0.13056874999999998 0.7841843749999999 0.12631874999999998
0 0.7814796875 0.0884625 0.7347375 0.13829375 0.7432359374999999 0.14254375 0.791909375 0.0946421875 0.7814796875 0.0884625
0 0.9984375 0.9411468749999999 0.9984375 0.9163234375 0.9878859375 0.9047046875 0.95540625 0.9363921875000001 0.9847171875 0.9556703125 0.9984375 0.9411468749999999
0 0.9152671874999999 0.8709031250000001 0.8936140625 0.8949343750000001 0.9223968749999999 0.912890625 0.9440515625 0.89018125 0.9152671874999999 0.8709031250000001