0 0.6877703125 0.6727734375 0.7021984375 0.6524515625 0.6493 0.614840625 0.6331609375 0.6362109375 0.6877703125 0.6727734375
0 0.7034125 0.646371875 0.7175265625 0.6276203125 0.664825 0.5932999999999999 0.6509375000000001 0.6110828125000001 0.7034125 0.646371875
0 0.914865625 0.3685859375 0.92188125 0.358653125 0.8648859375000001 0.3200515625 0.8583171875 0.331009375 0.914865625 0.3685859375
0 0.9048890625 0.3807265625 0.9125765625 0.37077187500000003 0.8569109375 0.333596875 0.8499625 0.3438328125 0.9048890625 0.3807265625
0 0.774803125 0.2634375 0.7982640625 0.27944843750000004 0.8201109375 0.253428125 0.7981984375 0.237121875 0.774803125 0.2634375
0 0.77338125 0.22091093750000002 0.750821875 0.24788749999999998 0.7701703125 0.262671875 0.7916593749999999 0.232615625 0.77338125 0.22091093750000002
0 0.40388906249999995 0.3024640625 0.41104531250000004 0.2933890625 0.38284843749999997 0.27399375 0.375959375 0.282175 0.40388906249999995 0.3024640625
0 0.41325312500000005 0.28980625 0.42111093750000006 0.28114062500000003 0.398965625 0.265203125 0.3908515625 0.27338125 0.41325312500000005 0.28980625
0 0.4260671875 0.27680937499999997 0.433571875 0.2677859375 0.41910625 0.25770312500000003 0.4114234375 0.2670296875 0.4260671875 0.27680937499999997
0 0.43645468750000005 0.26397499999999996 0.44460937500000003 0.25538125 0.430159375 0.245265625 0.42272187499999997 0.25393750000000004 0.43645468750000005 0.26397499999999996
0 0.46840312500000003 0.270221875 0.47457031250000004 0.2612578125 0.4568546875 0.24912499999999999 0.4505265625 0.2584984375 0.46840312500000003 0.270221875
0 0.47471406250000003 0.2551609375 0.4814109375 0.2466328125 0.469375 0.23848124999999998 0.46356093749999994 0.24611718749999997 0.47471406250000003 0.2551609375
0 0.4860640625 0.24266562500000002 0.4944171875 0.234878125 0.4826453125 0.22686406250000002 0.47635468750000004 0.2351671875 0.4860640625 0.24266562500000002
0 0.46057812499999995 0.203434375 0.46738749999999996 0.1956203125 0.4457171875 0.18009375 0.43987499999999996 0.1891921875 0.46057812499999995 0.203434375
0 0.46163125000000005 0.2307859375 0.46843593749999995 0.2220296875 0.45359531249999996 0.21115468750000002 0.446303125 0.2194015625 0.46163125000000005 0.2307859375
0 0.43696718749999997 0.23207499999999998 0.452325 0.2424859375 0.4588875 0.2353296875 0.4430890625 0.2249734375 0.43696718749999997 0.23207499999999998
0 0.41579375 0.1124640625 0.4282390625 0.12140312499999999 0.43689375 0.11025624999999999 0.423028125 0.1013609375 0.41579375 0.1124640625
0 0.44196718749999997 0.10278281250000001 0.4510609375 0.09063125 0.4393671875 0.08102343749999999 0.4306828125 0.0930875 0.44196718749999997 0.10278281250000001
0 0.48776093749999994 0.0812390625 0.5080125 0.057715625000000007 0.4598984375 0.0252390625 0.441853125 0.0502671875 0.48776093749999994 0.0812390625
0 0.36210624999999996 0.0001875 0.318596875 0.056248437500000005 0.355446875 0.0802921875 0.362490625 0.0754609375 0.3723234375 0.082478125 0.3795578125 0.07271875 0.372584375 0.06847031249999999 0.3750515625 0.0647375 0.3814875 0.0706828125 0.40417031249999996 0.0422609375 0.39450625 0.037042187500000004 0.3971703125 0.032875 0.406478125 0.039918749999999996 0.413040625 0.03178125 0.36696875 0 0.36210624999999996 0.0001875
0 0.19753125 0.43058281249999997 0.2295765625 0.44096718749999997 0.24190625 0.3780046875 0.20941875 0.368421875 0.19753125 0.43058281249999997
0 0.0308296875 0.3315 0.0454 0.311996875 0.0686828125 0.33006250000000004 0.10288749999999999 0.28899375 0.052590625 0.256159375 0.007851562500000001 0.3131703125 0.0308296875 0.3315
0 0.25227187500000003 0.9654859374999999 0.3014171875 0.9984375 0.3107203125 0.9895109375000001 0.25979375 0.9552406250000001 0.25227187500000003 0.9654859374999999
0 0.24095312500000002 0.9785328124999999 0.2656234375 0.99469375 0.273140625 0.9856671875 0.24913593750000002 0.9692296875 0.24095312500000002 0.9785328124999999
0 0.2430546875 0.9984375 0.26096875 0.9984375 0.23914375 0.9842171875 0.232825 0.993203125 0.2430546875 0.9984375