0 0.2092 0.72856875 0.192371875 0.7153703124999999 0.1828015625 0.721640625 0.20062031249999998 0.736159375 0.2092 0.72856875
0 0.2247078125 0.7219703125 0.2029296875 0.70448125 0.1956703125 0.7130609375 0.2144796875 0.7289 0.2247078125 0.7219703125
0 0.2352671875 0.7124015625 0.21415 0.694253125 0.2072203125 0.70283125 0.22569843750000002 0.7186703125 0.2352671875 0.7124015625
0 0.22239843750000002 0.681384375 0.21678906250000002 0.6899625 0.2385671875 0.7091015625 0.2458265625 0.700521875 0.22239843750000002 0.681384375
0 0.2753828125 0.39926249999999996 0.339459375 0.42517812499999996 0.3443 0.416634375 0.28250312499999997 0.38958125 0.2753828125 0.39926249999999996
0 0.28421093750000004 0.38758750000000003 0.348003125 0.41350156250000003 0.35426718749999997 0.40325 0.29133125 0.3779046875 0.28421093750000004 0.38758750000000003
0 0.1041609375 0.36912656250000003 0.057346875 0.34993281249999997 0.050559375 0.3571890625 0.098075 0.3766171875 0.1041609375 0.36912656250000003
0 0.06436875 0.3384640625 0.059687500000000004 0.34618906250000003 0.107203125 0.36585 0.1142265625 0.35672187499999997 0.06436875 0.3384640625
0 0.06647499999999999 0.334953125 0.11679999999999999 0.35438125 0.1226515625 0.3452515625 0.0742 0.3260578125 0.06647499999999999 0.334953125
0 0.11048125 0.3363578125 0.1158640625 0.325825 0.083328125 0.3124828125 0.0777109375 0.3213765625 0.11048125 0.3363578125
0 0.21440781250000002 0.396746875 0.1643171875 0.3747453125 0.1596359375 0.38504375 0.20808749999999998 0.4054078125 0.21440781250000002 0.396746875
0 0.5942000000000001 0.9866718750000001 0.62033125 0.9645359375 0.6026890625 0.9502218750000001 0.5758921875 0.9736890624999999 0.5942000000000001 0.9866718750000001
0 0.6226625 0.9984375 0.650625 0.9803468750000001 0.6324828124999999 0.9665328125 0.6028546875 0.9900015625 0.6226625 0.9984375
0 0.906384375 0.9106828124999999 0.94169375 0.9373953125 0.9505984375000001 0.9294125 0.9125249999999999 0.9005515624999999 0.906384375 0.9106828124999999
0 0.8901109375 0.9248078124999999 0.9266500000000001 0.9512124999999999 0.935553125 0.9438437499999999 0.8959453125 0.91498125 0.8901109375 0.9248078124999999
0 0.8775234375000001 0.9398515625 0.9094546875 0.96595 0.9192796875000001 0.9564328124999999 0.884278125 0.9303343749999999 0.8775234375000001 0.9398515625
0 0.8597140624999999 0.9502921875 0.8953312499999999 0.978846875 0.9030078125 0.969328125 0.8670828125 0.9407734375000001 0.8597140624999999 0.9502921875
0 0.9984375 0.9518265625 0.9984375 0.9370890624999999 0.9914343750000001 0.9272640624999999 0.9809953124999999 0.9361671875 0.9984375 0.9518265625
0 0.9984375 0.9720921875 0.9984375 0.9552046875 0.9819171875 0.942921875 0.9754687499999999 0.9515203124999999 0.9984375 0.9720921875
0 0.9984375 0.9923562499999999 0.9984375 0.976696875 0.9681 0.9493703124999999 0.957353125 0.95581875 0.9984375 0.9923562499999999
0 0.9797671875 0.9984375 0.9917421875000001 0.9984375 0.996040625 0.9948124999999999 0.9555109375 0.961959375 0.9441499999999999 0.9687140624999999 0.9797671875 0.9984375
0 0.9217187499999999 0.440625 0.899375 0.4265625 0.8890625 0.43703125 0.9103125000000001 0.45140624999999995 0.9217187499999999 0.440625
0 0.920625 0.4403125 0.9121874999999999 0.45171875000000006 0.9307812500000001 0.46515625 0.94140625 0.4546875 0.920625 0.4403125
0 0.983125 0.2728125 0.993125 0.26078125 0.95140625 0.2290625 0.95078125 0.2296875 0.94109375 0.240625 0.983125 0.2728125
0 0.98921875 0.246875 0.9974999999999999 0.23359375 0.9724999999999999 0.2128125 0.963125 0.224375 0.98921875 0.246875
0 0.666346875 0.04466875 0.712853125 0.0790421875 0.7299484374999999 0.062131250000000006 0.6836249999999999 0.029226562499999997 0.666346875 0.04466875
0 0.933315625 0.4342671875 0.943834375 0.42097968750000003 0.922240625 0.40732187499999994 0.9111671875 0.417103125 0.933315625 0.4342671875
0 0.9331296874999999 0.43445156249999994 0.9515859375 0.447925 0.9639515624999999 0.4338984375 0.9442031249999999 0.42079374999999997 0.9331296874999999 0.43445156249999994
0 0.17555156249999998 0.3625734375 0.1680625 0.372871875 0.218153125 0.39323593749999997 0.2240046875 0.38340625 0.17555156249999998 0.3625734375
0 0.5887890625 0.5302140625 0.60095 0.5219031249999999 0.6469578125 0.4929203125 0.6327703125 0.4811640625 0.6226359375 0.49028593750000005 0.6076374999999999 0.47913750000000005 0.568115625 0.512378125 0.5887890625 0.5302140625