0 0.19797499999999998 0.846565625 0.22678437499999998 0.816278125 0.17876875 0.78746875 0.154390625 0.8148015624999999 0.19797499999999998 0.846565625
0 0.38708593750000003 0.960328125 0.3981671875 0.949246875 0.3656640625 0.9263468749999999 0.355321875 0.9396437499999999 0.38708593750000003 0.960328125
0 0.29548593749999996 0.762353125 0.27258593750000004 0.7904234375 0.3146921875 0.8184953125 0.3412859375 0.78746875 0.29548593749999996 0.762353125
0 0.26963125 0.7483171875 0.2858828125 0.7313265624999999 0.266675 0.715075 0.2895765625 0.692175 0.275540625 0.6803546875 0.2386046875 0.7224625 0.26963125 0.7483171875
0 0.180984375 0.678878125 0.2083171875 0.698084375 0.2179203125 0.6884812499999999 0.22456874999999998 0.6936515625 0.23934375000000002 0.6774 0.2061015625 0.6545 0.1824625 0.6796171875 0.180984375 0.678878125
0 0.06500625 0.7409296875 0.0790421875 0.736496875 0.07165468750000001 0.743884375 0.08569062499999999 0.7520109374999999 0.10342031249999999 0.7379749999999999 0.06426875 0.7121203125 0.049493749999999996 0.7276328125 0.06500625 0.7409296875
0 0.73361875 0.7249046875 0.7477265625 0.7091359374999999 0.7510453125 0.7099671875 0.756025 0.6983484375 0.7361078125 0.6867296875 0.7439921875 0.67843125 0.710796875 0.65726875 0.680090625 0.6904640625 0.73361875 0.7249046875
0 0.49309843750000004 0.47367968749999995 0.516046875 0.4557328125 0.47044375 0.42395781250000003 0.44867187499999994 0.444259375 0.49309843750000004 0.47367968749999995
0 0.419703125 0.3669328125 0.48529687499999996 0.2978859375 0.46655625 0.2845703125 0.40046875000000004 0.35164375 0.419703125 0.3669328125
0 0.8088296875 0.5864015625000001 0.8625875000000001 0.5286984375 0.842365625 0.5153828125000001 0.826584375 0.5306703125000001 0.8063640624999999 0.5168609375 0.7674015625 0.5582890625 0.8088296875 0.5864015625000001
0 0.8694921875 0.651009375 0.8103093749999999 0.651009375 0.815240625 0.6618593749999999 0.8694921875 0.661365625 0.8694921875 0.651009375
0 0.8310234375000001 0.6505156249999999 0.82954375 0.6416390625 0.8186937500000001 0.64213125 0.8201734374999999 0.651009375 0.8310234375000001 0.6505156249999999
0 0.8798484375 0.651009375 0.8803421874999999 0.640159375 0.8551890625 0.6416390625 0.856175 0.6495296875000001 0.8798484375 0.651009375
0 0.8961234375 0.612046875 0.8956312499999999 0.5992234375 0.8497640625 0.6002109375 0.8502578125 0.60958125 0.8961234375 0.612046875
0 0.92275625 0.5997171875 0.9222625000000001 0.58788125 0.8665328125 0.5873875 0.8685046875 0.5982375 0.92275625 0.5997171875
0 0.90006875 0.585415625 0.90006875 0.5755515625000001 0.8749171875 0.57604375 0.8783687499999999 0.585415625 0.90006875 0.585415625
0 0.8961234375 0.5745640625 0.89464375 0.5642078125000001 0.8808343750000001 0.5637140625 0.8842874999999999 0.5730859374999999 0.8961234375 0.5745640625
0 0.9059875 0.562728125 0.9045078125 0.551384375 0.892178125 0.5508921875 0.8926718749999999 0.5587828125 0.9059875 0.562728125
0 0.9200437499999999 0.7453031250000001 0.939678125 0.7260609375 0.8956984374999999 0.6954328125 0.8776359375 0.715459375 0.9200437499999999 0.7453031250000001
0 0.9526359375 0.736271875 0.9984375 0.7653296875 0.9984375 0.7374484375 0.9710921875 0.7162453125 0.9526359375 0.7358781249999999 0.9526359375 0.736271875
0 0.9984375 0.6985734375 0.9984375 0.6667671875 0.9734484374999999 0.6506671875000001 0.9557781249999999 0.6695156250000001 0.9984375 0.6985734375
0 0.8880874999999999 0.385078125 0.9458484374999999 0.319134375 0.9184125 0.2998796875 0.9010828125 0.32105937500000004 0.907821875 0.325390625 0.88664375 0.3484953125 0.8635390624999999 0.3321296875 0.8404343750000001 0.3576421875 0.8880874999999999 0.385078125
0 0.6307968749999999 0.1626796875 0.6307968749999999 0.1623109375 0.68908125 0.20104375000000002 0.7101078125 0.1803859375 0.6470281250000001 0.1409140625 0.630428125 0.1626796875 0.6307968749999999 0.1626796875
0 0.25535625 0.1688265625 0.2534328125 0.17497968749999998 0.26497031249999997 0.1811328125 0.28919843749999996 0.153059375 0.25920156250000004 0.134215625 0.2399734375 0.157290625 0.25535625 0.1688265625
0 0.5478875000000001 0.9984375 0.5553 0.9984375 0.56641875 0.992621875 0.5330640625 0.96915 0.5225625 0.9796515625 0.5478875000000001 0.9984375
0 0.5305921875 0.9617374999999999 0.5417109375 0.9685328125 0.554065625 0.95494375 0.5417109375 0.9450609375000001 0.5312109375 0.959884375 0.5305921875 0.9617374999999999
0 0.5911265625000001 0.9376484375 0.579390625 0.953090625 0.5892734374999999 0.95803125 0.604715625 0.9469140625 0.5905078125000001 0.9401187500000001 0.5911265625000001 0.9376484375
0 0.5583890625000001 0.92961875 0.5478875000000001 0.9419718749999999 0.5596234375 0.949384375 0.570125 0.938265625 0.5583890625000001 0.92961875