0 0.439175 0.1945203125 0.4786140625 0.22526875 0.5060203125 0.19719375 0.4625703125 0.1657765625 0.439175 0.1945203125
0 0.45321249999999996 0.25401250000000003 0.4759390625 0.22460156250000002 0.4365015625 0.1958578125 0.4124359375 0.22259531250000003 0.45321249999999996 0.25401250000000003
0 0.0005499999999999999 0.5999671875 0.021428125 0.6186484375 0.03021875 0.6071109375 0.044503125 0.592825 0.0021984375 0.5582125 0.0005499999999999999 0.5999671875
0 0.0038453124999999998 0.702159375 0.0554921875 0.7455640625 0.080215625 0.71205 0.02911875 0.672490625 0.0038453124999999998 0.702159375
0 0.149475 0.9022656250000001 0.18018281249999998 0.92845625 0.2167609375 0.875621875 0.195084375 0.86071875 0.1887625 0.8674937500000001 0.18018281249999998 0.8611703125 0.149475 0.9022656250000001
0 0.184246875 0.8146578124999999 0.2099859375 0.833171875 0.2239859375 0.813303125 0.19734218750000002 0.7952390625 0.184246875 0.8146578124999999
0 0.2117921875 0.7947875 0.25017812500000003 0.809690625 0.2614671875 0.7803375 0.22263125 0.7663375 0.2117921875 0.7947875
0 0.21721249999999998 0.8327203125 0.237984375 0.8498812499999999 0.2461140625 0.8372375 0.22488906250000001 0.8214312500000001 0.21721249999999998 0.8327203125
0 0.20411562499999997 0.8498812499999999 0.223534375 0.8656859375 0.23572656250000001 0.8553000000000001 0.2108890625 0.838140625 0.20411562499999997 0.8498812499999999
0 0.3913125 0.9094265625 0.41721874999999997 0.9285140625 0.42494375 0.9148796875 0.39949375 0.897609375 0.3913125 0.9094265625
0 0.3867671875 0.9157890625 0.37995 0.9253328125 0.40585625 0.947603125 0.4149453125 0.933059375 0.389040625 0.9130625 0.3867671875 0.9157890625
0 0.3445 0.9198796874999999 0.39585781249999996 0.9616921875 0.40631093749999997 0.9503296875 0.3558625 0.908971875 0.3445 0.9198796874999999
0 0.3331375 0.9371499999999999 0.345409375 0.9485125 0.3544984375 0.9371499999999999 0.3399546875 0.9257875 0.3331375 0.9371499999999999
0 0.318140625 0.9526015624999999 0.33450156249999996 0.9657828125 0.3431375 0.953965625 0.3263203125 0.9407859375 0.318140625 0.9526015624999999
0 0.3054140625 0.9689640624999999 0.3472265625 0.9984375 0.356771875 0.9916874999999999 0.313140625 0.9607828125 0.3054140625 0.9689640624999999
0 0.3126859375 0.9984375 0.322684375 0.9984375 0.3376828125 0.9984375 0.30041562499999996 0.9730546875 0.29405156250000003 0.9844156249999999 0.3126859375 0.9984375
0 0.5603312500000001 0.8304109375 0.598434375 0.8610421875000001 0.6118812499999999 0.841990625 0.5719109375 0.811359375 0.5603312500000001 0.8304109375
0 0.5382921875 0.8531984375 0.5793828125 0.8849500000000001 0.5913359375 0.864778125 0.553234375 0.8363875000000001 0.5382921875 0.8531984375
0 0.5211078125 0.8793468750000001 0.535303125 0.890553125 0.5483781249999999 0.8692609375 0.53455625 0.8595484375 0.5211078125 0.8793468750000001
0 0.9176703125 0.661759375 0.972346875 0.7057265625 0.9977124999999999 0.6752875 0.9430359375 0.628503125 0.9176703125 0.661759375
0 0.9069593749999999 0.577771875 0.9317624999999999 0.6014453125 0.9779843749999999 0.54676875 0.9458546875 0.5264765625 0.9069593749999999 0.577771875
0 0.7062906250000001 0.6042640625 0.75589375 0.6392125 0.7919703124999999 0.5924265625 0.7418015625 0.5574796875 0.7062906250000001 0.6042640625
0 0.6347031249999999 0.5535328125000001 0.6527406250000001 0.5557875 0.65725 0.5428234375 0.6358296875 0.539440625 0.6347031249999999 0.5535328125000001
0 0.67246875 0.5710078125 0.691634375 0.5755171875 0.6950171875 0.5608609375 0.6803609374999999 0.55860625 0.67246875 0.5710078125
0 0.6223015625 0.55860625 0.6194843750000001 0.5614250000000001 0.61271875 0.5749531250000001 0.674725 0.6031375 0.68430625 0.5817171875 0.6223015625 0.5580421875 0.6223015625 0.55860625
0 0.5913 0.6031375 0.6566859375 0.62399375 0.6611953125000001 0.602009375 0.6025734375 0.5834078125 0.5913 0.6031375
0 0.9445765625 0.041579687500000004 0.9594906249999999 0.041579687500000004 0.9567796875000001 0.025309375000000002 0.945028125 0.0262125 0.9445765625 0.041579687500000004
0 0.9599437500000001 0.04203125 0.9626546875 0.052878125 0.9784734374999999 0.052426562499999996 0.9757609374999999 0.0402234375 0.9599437500000001 0.04203125
0 0.9264984374999999 0.056493749999999995 0.9387015625 0.055590625000000005 0.9373453125 0.04203125 0.9264984374999999 0.0424828125 0.9264984374999999 0.056493749999999995
0 0.9305656250000001 0.07321562499999999 0.981184375 0.07095625 0.9820890625 0.057398437499999996 0.9292109375000001 0.0583015625 0.9305656250000001 0.07321562499999999
0 0.9472890625 0.0921984375 0.9612984375 0.0908421875 0.9612984375 0.075928125 0.9472890625 0.075475 0.9472890625 0.0921984375
0 0.833396875 0.145528125 0.88491875 0.186203125 0.9292109375000001 0.13016250000000001 0.875428125 0.0908421875 0.833396875 0.145528125
0 0.8049234375 0.1798765625 0.8555421875 0.22190781249999997 0.8808515625 0.19207968749999998 0.8266171874999999 0.1523078125 0.8049234375 0.1798765625
0 0.7339671875 0.0171734375 0.7186015625 0.039771875 0.6887734375 0.019434375 0.6679828125 0.0460984375 0.7190531250000001 0.0885828125 0.784134375 0.01175 0.774190625 0 0.7158890625 0.00135625 0.7339671875 0.0171734375
0 0.658040625 0.0705046875 0.6815421875000001 0.08722656250000001 0.694196875 0.07321562499999999 0.669790625 0.0583015625 0.658040625 0.0705046875
0 0.018553125 0.0767875 0.042259375 0.10255624999999999 0.059265625 0.0834875 0.036590625 0.0618421875 0.018553125 0.0767875