0 0.2859515625 0.9984375 0.2953375 0.9938437499999999 0.2554484375 0.9575140624999999 0.24831562499999998 0.9644359375 0.2859515625 0.9984375
0 0.23291875 0.9760109375000001 0.26154062499999997 0.9984375 0.2722015625 0.9951140625000001 0.24255 0.9669062500000001 0.23291875 0.9760109375000001
0 0.22779687499999998 0.978621875 0.21985937500000002 0.9882265625000001 0.23405312500000003 0.9984375 0.2528296875 0.9984375 0.227725 0.9784375000000001 0.22779687499999998 0.978621875
0 0.0406140625 0.6854109375 0.0775125 0.716221875 0.08742187500000001 0.707628125 0.048606250000000004 0.6749734375 0.0406140625 0.6854109375
0 0.0227734375 0.6982 0.0598609375 0.7296140624999999 0.07040625 0.7208187500000001 0.032165624999999996 0.689071875 0.0227734375 0.6982
0 0.0436046875 0.7449484375 0.0528546875 0.7357984375 0.038742187500000004 0.7221140625 0.0300640625 0.7312421875 0.0436046875 0.7449484375
0 0 0.64345 0.026287500000000002 0.6598875 0.0342203125 0.650125 0.001240625 0.6313093750000001 0 0.64345
0 0.0021078125 0.6517875 0 0.66401875 0.005678125 0.6678124999999999 0.0141328125 0.657771875 0.0023046875000000003 0.6524125 0.0021078125 0.6517875
0 0.5894765625 0.6673015625 0.6224000000000001 0.6991484375 0.6368375000000001 0.685696875 0.60319375 0.653809375 0.5894765625 0.6673015625
0 0.5587156249999999 0.6850015625 0.6222875 0.7381140625 0.6391734375 0.721703125 0.648425 0.72885 0.6654546875 0.713628125 0.6378999999999999 0.69431875 0.6196828125 0.7001000000000001 0.5786203125 0.66806875 0.5587156249999999 0.6850015625
0 0.6826125000000001 0.7023578125000001 0.6979765625 0.6872203125 0.680640625 0.6715390625000001 0.6656703125 0.684853125 0.6826125000000001 0.7023578125000001
0 0.7069671875 0.6805875 0.7301968750000001 0.6564515625 0.7141890625 0.6420109375 0.7111171875 0.6456421875 0.6910046875 0.6265203125000001 0.6646046875 0.6479109375000001 0.7069671875 0.6805875
0 0.7769421875 0.7537046875 0.8050171875000001 0.7775171875 0.82024375 0.763946875 0.7913109375 0.738840625 0.7769421875 0.7537046875
0 0.7556671875000001 0.7710484375 0.7823484374999999 0.7940171874999999 0.799421875 0.78191875 0.7724015625 0.7563296875 0.7556671875000001 0.7710484375
0 0.9352890625000001 0.7265421875 0.930790625 0.7339078125 0.9550421874999999 0.75210625 0.9841875 0.7258953125 0.9471421875000001 0.6908125 0.9210218749999999 0.714378125 0.9352890625000001 0.7265421875
0 0.8281031249999999 0.69456875 0.8546859375 0.7174234375 0.8702781249999999 0.7047625 0.8418578125 0.6827124999999999 0.8281031249999999 0.69456875
0 0.8531515625000001 0.688878125 0.8586796874999999 0.6826765625 0.8654125 0.690190625 0.863703125 0.6955796875 0.8733265625 0.7033625 0.8920140625 0.6837375 0.8646109375 0.660478125 0.8456796875 0.6797109375 0.8531515625000001 0.688878125
0 0.9722078125 0.3866171875 0.9821046875 0.3765234375 0.967065625 0.3643546875 0.9600500000000001 0.373425 0.9722078125 0.3866171875
0 0.986328125 0.374503125 0.9971890625000001 0.36384062500000003 0.9826124999999999 0.3504125 0.9753718750000001 0.36029218749999997 0.986328125 0.374503125
0 0.8673734375000001 0.2958484375 0.878675 0.286796875 0.8418187500000001 0.253959375 0.833871875 0.2635453125 0.8673734375000001 0.2958484375
0 0.864609375 0.266140625 0.8733546875 0.2564484375 0.8570593750000001 0.24066562500000002 0.8492234375000001 0.2500328125 0.864609375 0.266140625
0 0.8817859374999999 0.25110156250000004 0.8904640625000001 0.2426359375 0.8726593749999999 0.2295875 0.8628625 0.2381515625 0.8817859374999999 0.25110156250000004
0 0.8867125 0.230521875 0.8972796875 0.2218203125 0.8874890625 0.21371250000000003 0.878621875 0.22282968749999998 0.8867125 0.230521875
0 0.5737390625 0.3344765625 0.6272031250000001 0.3813109375 0.6639265625 0.34879375 0.61400625 0.30481250000000004 0.5737390625 0.3344765625
0 0.215303125 0.3394859375 0.2247875 0.332059375 0.19282656250000002 0.301784375 0.1847609375 0.3104734375 0.215303125 0.3394859375
0 0.2216640625 0.3223171875 0.23340468749999999 0.31077656249999996 0.20748906250000002 0.288840625 0.198246875 0.298465625 0.2216640625 0.3223171875
0 0.24441406250000003 0.311934375 0.25400625 0.30270625 0.23943281249999998 0.2915859375 0.23123593750000002 0.3017109375 0.24441406250000003 0.311934375
0 0.27693124999999996 0.278140625 0.2860390625 0.2683390625 0.26325468750000003 0.2497078125 0.256378125 0.25866406249999996 0.27693124999999996 0.278140625
0 0.13705 0.2599578125 0.16014375 0.28374062499999997 0.17064375 0.274796875 0.14561875 0.2515015625 0.13705 0.2599578125
0 0.1934265625 0.26649531249999997 0.24197656250000002 0.22611093750000003 0.2076625 0.1942296875 0.1598953125 0.2338953125 0.1934265625 0.26649531249999997
0 0 0.16018749999999998 0.06314375 0.1079546875 0.055340625 0.099821875 0 0.1440765625 0 0.16018749999999998
0 0 0.1397703125 0.02885625 0.11508437499999999 0.0205703125 0.10561875000000001 0 0.1254859375 0 0.1397703125