0 0.754253125 0.778675 0.79464375 0.726075 0.7678734375 0.7054109375000001 0.726075 0.754253125 0.754253125 0.778675
0 0.6711265625 0.711515625 0.6809890625 0.7166812499999999 0.7293624999999999 0.6598546875 0.7199687499999999 0.652809375 0.672534375 0.7040015625 0.6711265625 0.711515625
0 0.656096875 0.6791109375 0.711046875 0.61805625 0.697896875 0.6105421875 0.642946875 0.668778125 0.656096875 0.6791109375
0 0.839515625 0.765271875 0.8477640624999999 0.7541671875 0.8236515624999999 0.7379859375 0.816353125 0.7487734374999999 0.839515625 0.765271875
0 0.8334859375000001 0.7313234375000001 0.83063125 0.7344968749999999 0.8512546875 0.7516296875 0.8614062499999999 0.7392546875 0.8385624999999999 0.7224390625 0.8319000000000001 0.730371875 0.8334859375000001 0.7313234375000001
0 0.6434171875 0.665490625 0.6955484375000001 0.6081937500000001 0.691790625 0.6039671875 0.6828671875000001 0.59833125 0.6302671875 0.6565671875 0.6434171875 0.665490625
0 0.1342078125 0.6242765625 0.1513171875 0.6429046875 0.17755 0.6197140625 0.18667499999999998 0.6269375 0.2197515625 0.598803125 0.196559375 0.5794125 0.19998125 0.5756109375 0.221271875 0.5915796875 0.23571875000000003 0.5767515624999999 0.20758437500000002 0.5489984375 0.136109375 0.6216140625000001 0.1342078125 0.6242765625
0 0.11718437500000001 0.5652953125 0.11843437500000001 0.5512328125 0.0443734375 0.5381078125000001 0.0434359375 0.5521703125 0.11718437500000001 0.5652953125
0 0.078434375 0.5431078125 0.1346828125 0.5499828124999999 0.1381203125 0.5359203124999999 0.07874687500000001 0.526234375 0.077809375 0.5374828125 0.078434375 0.5431078125
0 0.02 0.5324828125 0.06437343749999999 0.5393578125 0.06624843750000001 0.522484375 0.0262484375 0.518109375 0.026873437500000003 0.512484375 0.008125 0.510921875 0.0078125 0.5227968749999999 0.0240625 0.524671875 0.0221875 0.5306093749999999 0.02 0.5324828125
0 0.0406234375 0.515921875 0.080309375 0.520609375 0.084371875 0.506546875 0.0456234375 0.501234375 0.039373437500000004 0.514046875 0.0406234375 0.515921875
0 0.094684375 0.5256093749999999 0.1512453125 0.5359203124999999 0.1553078125 0.520921875 0.096559375 0.5099843749999999 0.094684375 0.519671875 0.094684375 0.5256093749999999
0 0.11437187499999998 0.5056093749999999 0.12030937500000001 0.49279687499999997 0.0759359375 0.48498437499999997 0.0746859375 0.49779687499999997 0.11437187499999998 0.5056093749999999
0 0.06874843750000001 0.4812359375 0.084371875 0.482796875 0.08718437500000001 0.46779843750000005 0.0709359375 0.4656109375 0.0703109375 0.4806109375 0.06874843750000001 0.4812359375
0 0.294025 0.590278125 0.32333124999999996 0.5950578125 0.32460625 0.570846875 0.299121875 0.56606875 0.2956171875 0.5886859375 0.294025 0.590278125
0 0.29434375 0.5647953125 0.35136406249999996 0.5724390625 0.35359375000000004 0.55619375 0.34340000000000004 0.55491875 0.33161406250000003 0.5552374999999999 0.33065781250000004 0.5485484375 0.31568593749999996 0.5437703125 0.297846875 0.541540625 0.2956171875 0.560971875 0.29434375 0.5647953125
0 0.34626718749999996 0.5421765625 0.34881562499999996 0.5237015625 0.30039531249999996 0.519878125 0.297846875 0.53516875 0.34626718749999996 0.5421765625
0 0.299121875 0.511278125 0.33830312500000004 0.51541875 0.3405328125 0.4988546875 0.3016703125 0.49789843749999996 0.299440625 0.5087296875 0.299121875 0.511278125
0 0.3252421875 0.490890625 0.3242875 0.47719218750000003 0.298484375 0.47528125 0.29752812500000003 0.489934375 0.3252421875 0.490890625
0 0.20928906249999998 0.47528125 0.13124375 0.41252656249999997 0.11945781250000001 0.42558749999999995 0.1933609375 0.489934375 0.20928906249999998 0.47528125
0 0.20992656250000002 0.4682734375 0.257709375 0.41762343749999997 0.18699062500000002 0.36888437500000004 0.17647812499999999 0.3857671875 0.1595953125 0.37684843749999997 0.1341109375 0.40551875 0.20992656250000002 0.4682734375
0 0.509462646875 0.35786716093750004 0.53453125 0.329703125 0.485475 0.2921125 0.460309375 0.3166421875 0.509462646875 0.35786716093750004
0 0.48183437500000004 0.1905546875 0.4974453125 0.192615625 0.49685625 0.17877343750000002 0.4833078125 0.17877343750000002 0.4833078125 0.18908125 0.48183437500000004 0.1905546875
0 0.515115625 0.17317812500000002 0.514821875 0.161396875 0.486546875 0.159925 0.4871359375 0.171115625 0.515115625 0.17317812500000002
0 0.5015671875 0.15285625 0.5012734375 0.142253125 0.45886250000000006 0.13812968750000001 0.46121875 0.15462343750000002 0.5015671875 0.15285625
0 0.48242343749999994 0.1345953125 0.48301249999999996 0.118103125 0.43500625 0.11604062500000001 0.4347125 0.1363625 0.48242343749999994 0.1345953125
0 0.49715 0.1393078125 0.49597187500000006 0.128115625 0.485075 0.129 0.4844859375 0.1393078125 0.49715 0.1393078125