0 0.09109843749999999 0.873384375 0.130140625 0.8249437500000001 0.0607328125 0.77071875 0.027473437499999996 0.8184374999999999 0.09109843749999999 0.873384375
0 0.7653984375 0.8420578125 0.7695593749999999 0.8319546875 0.7576734375 0.8236359375 0.7493546875 0.8313609375000001 0.7653984375 0.8420578125
0 0.78144375 0.8581031250000001 0.799865625 0.836115625 0.7897640625 0.8260125 0.7719359375 0.84740625 0.78144375 0.8581031250000001
0 0.8087796875000001 0.8794953124999999 0.8254187500000001 0.8527546875 0.8105625 0.8420578125 0.7945171875 0.8652328125000001 0.8087796875000001 0.8794953124999999
0 0.9228578125 0.47997968750000003 0.940703125 0.4508609375 0.8946781250000001 0.4222125 0.8824671875 0.4475734375 0.9228578125 0.47997968750000003
0 0.849121875 0.39967031249999996 0.8397296875 0.4048359375 0.8608640624999999 0.43160625 0.90313125 0.40295781249999996 0.8787109375 0.37806562499999996 0.849121875 0.39873125 0.849121875 0.39967031249999996
0 0.472934375 0.567803125 0.47105625 0.554184375 0.4475734375 0.5532453125 0.44945312499999995 0.5649859375 0.472934375 0.567803125
0 0.41845625000000003 0.5485484375 0.4719953125 0.5471390625 0.47152656249999997 0.5353984374999999 0.4156375 0.5358671875 0.41469843749999996 0.5400953125 0.41845625000000003 0.5485484375
0 0.3893375 0.5175515625 0.392625 0.531171875 0.4475734375 0.526475 0.44663437500000003 0.515203125 0.3916859375 0.513325 0.3893375 0.5175515625
0 0.377596875 0.502053125 0.3761875 0.5100374999999999 0.41657656249999997 0.5095671875 0.41892500000000005 0.4968875 0.37806562499999996 0.498765625 0.377596875 0.502053125
0 0.39121562499999996 0.49031250000000004 0.41657656249999997 0.49031250000000004 0.413759375 0.479040625 0.387928125 0.47997968750000003 0.39121562499999996 0.49031250000000004
0 0.2539984375 0.32772812500000004 0.3053390625 0.3184625 0.29761875 0.30726875 0.26442031250000003 0.3091984375 0.26210468750000004 0.319621875 0.2532265625 0.3207796875 0.2539984375 0.32772812500000004
0 0.226590625 0.30418124999999996 0.2790890625 0.301478125 0.2775453125 0.28874062500000003 0.22697812499999998 0.29028437500000004 0.226590625 0.30418124999999996
0 0.506809375 0.19447343749999998 0.5818484374999999 0.24594062499999997 0.5991359375 0.22983281249999998 0.5201671875 0.1736515625 0.509953125 0.189365625 0.506809375 0.19447343749999998
0 0.51938125 0.1736515625 0.5971703125000001 0.22668906249999998 0.6117078125 0.209403125 0.5339171875 0.15636406249999998 0.523703125 0.1709015625 0.51938125 0.1736515625
0 0.6458875 0.19132968749999998 0.6561015625 0.20350937500000002 0.6784953125000001 0.198009375 0.6729953125 0.1858296875 0.6521734375 0.1901515625 0.6458875 0.19132968749999998
0 0.641959375 0.194865625 0.686353125 0.1819015625 0.672603125 0.16854375 0.6282078125 0.183865625 0.641959375 0.194865625
0 0.624671875 0.1803296875 0.6486375 0.1709015625 0.6411734375 0.16265000000000002 0.61799375 0.1693296875 0.624671875 0.1803296875
0 0.6407796875 0.16029374999999998 0.6686734375000001 0.1540078125 0.669459375 0.170115625 0.683996875 0.16657968750000002 0.6784953125000001 0.1492921875 0.667103125 0.153221875 0.661209375 0.1410421875 0.6380296875 0.1465421875 0.6407796875 0.16029374999999998
0 0.5877421875 0.15636406249999998 0.6168140625 0.1437921875 0.6058140625 0.13200625 0.5806703125 0.1434 0.5877421875 0.15636406249999998
0 0.588134375 0.10254062500000001 0.630565625 0.12689843750000002 0.6403875 0.11550468750000001 0.5956 0.091540625 0.588134375 0.10254062500000001
0 0.5759562500000001 0.11196874999999999 0.62035 0.1398640625 0.6293859375 0.1288625 0.5849921874999999 0.1029328125 0.5783125 0.11196874999999999 0.5759562500000001 0.11196874999999999