0 0.27576875 0.7831859375 0.270678125 0.7891250000000001 0.2876484375 0.8043984375000001 0.3232875 0.7738515625 0.3003765625 0.7577296875 0.27576875 0.7831859375
0 0.2800125 0.8120359374999999 0.3020734375 0.8281578125 0.346196875 0.787428125 0.32668125 0.773003125 0.2800125 0.8120359374999999
0 0.0619421875 0.7891250000000001 0.0636390625 0.7967625 0.07976093749999999 0.8035500000000001 0.1120046875 0.80694375 0.11455 0.7916703125 0.10012499999999999 0.790821875 0.084003125 0.790821875 0.072125 0.7831859375 0.0619421875 0.7891250000000001
0 0.1943109375 0.703425 0.21552500000000002 0.7186984375 0.22570625 0.708515625 0.20534218750000002 0.6940906250000001 0.1943109375 0.703425
0 0.1992125 0.7305703125 0.21150000000000002 0.7212609375000001 0.1913921875 0.7067390625 0.1910203125 0.7071109375 0.1787328125 0.7182828125 0.1992125 0.7305703125
0 0.16570000000000001 0.719771875 0.15899687499999998 0.72908125 0.18096718750000002 0.743603125 0.17798750000000002 0.7503046875 0.196978125 0.734665625 0.1738921875 0.72014375 0.16570000000000001 0.719771875
0 0.0757390625 0.683371875 0.0929515625 0.6978296875 0.114296875 0.68130625 0.13323125 0.6943875 0.176609375 0.6599609375 0.14287031249999999 0.6358625 0.1294453125 0.650665625 0.12015 0.6448125 0.0757390625 0.683371875
0 0.0234109375 0.6413703125 0.06231250000000001 0.6702890625 0.0843453125 0.651009375 0.0450984375 0.6241578125 0.0234109375 0.6413703125
0 0.00034375 0.6076328125 0.01686875 0.6220921875000001 0.04991875 0.588353125 0.036148437500000005 0.5769921874999999 0.017901562500000003 0.59041875 0.0013765625 0.5814671875 0.00034375 0.6076328125
0 0.35583437500000004 0.600940625 0.40387968750000003 0.634721875 0.4241484375 0.611825 0.375353125 0.5791703125 0.35583437500000004 0.600940625
0 0.3997515625 0.561903125 0.41851874999999994 0.5742906249999999 0.4271515625 0.5637796875000001 0.40688281249999997 0.55176875 0.3997515625 0.561903125
0 0.3843609375 0.5720375 0.40500625 0.5863015625 0.4128890625 0.57804375 0.39224375 0.5637796875000001 0.3843609375 0.5720375
0 0.4369109375 0.5791703125 0.44629531250000004 0.5870515625 0.454928125 0.5799203125 0.4432921875 0.5709125 0.4369109375 0.5791703125
0 0.447796875 0.6200828125 0.45755468749999995 0.63209375 0.47632343749999995 0.61820625 0.4646875 0.6069453125 0.447796875 0.6200828125
0 0.46243437500000006 0.6358484375 0.47181875 0.6452312499999999 0.4909625 0.6298421875 0.4793265625 0.6215843750000001 0.46243437500000006 0.6358484375
0 0.536571875 0.7155828125 0.5666390625 0.7405625 0.625384375 0.6915296875 0.5953171875 0.6688640625 0.539809375 0.716509375 0.536571875 0.7155828125
0 0.5191656250000001 0.9436984374999999 0.5636046875 0.9771593749999999 0.5907921875000001 0.9520640625000001 0.5458296875 0.9191265625 0.5191656250000001 0.9436984374999999
0 0.8562640625 0.7036749999999999 0.8750875 0.7176921875 0.8863015624999999 0.7104828125 0.8630734375 0.6952640625 0.8562640625 0.7036749999999999
0 0.831834375 0.726903125 0.83944375 0.7341125 0.852259375 0.7224984375 0.8422468750000001 0.7148890625 0.831834375 0.726903125
0 0.761346875 0.7232984375 0.797390625 0.7529359375 0.8126093750000001 0.7405203124999999 0.7757640625 0.7124859375 0.761346875 0.7232984375
0 0.8005953124999999 0.7557390625 0.82983125 0.7773656250000001 0.8378406249999999 0.7685546875 0.8078046875 0.74973125 0.8005953124999999 0.7557390625
0 0.782171875 0.762146875 0.8158140625 0.7841750000000001 0.8230234375000001 0.7761640625 0.7909828125 0.7553390624999999 0.782171875 0.762146875
0 0.7327015625 0.7741015625000001 0.746621875 0.7844515624999999 0.7601828125 0.7730312500000001 0.746621875 0.7619671875 0.7327015625 0.7741015625000001
0 0.7487625 0.7373421875 0.7666078125 0.7480484374999999 0.7733875 0.7405546875 0.7562578125 0.7302046875 0.7487625 0.7373421875
0 0.76981875 0.7526890625 0.7773140625 0.7591125 0.78659375 0.750903125 0.77624375 0.7423390624999999 0.76981875 0.7526890625
0 0.7430515625 0.7930171875 0.7559 0.806221875 0.7773140625 0.785165625 0.7633953124999999 0.77624375 0.7430515625 0.7930171875
0 0.7648234375 0.8037234375000001 0.7766 0.8122890625 0.7898046875 0.8005125 0.7769578125 0.7912328125 0.7648234375 0.8037234375000001
0 0.729846875 0.8172859375 0.7391265625 0.82478125 0.7541156250000001 0.8112187499999999 0.7444796874999999 0.80408125 0.729846875 0.8172859375
0 0.69986875 0.8344171875 0.7137875 0.8433390624999999 0.7269921874999999 0.83191875 0.712715625 0.8204984375000001 0.69986875 0.8344171875
0 0.7134296875 0.8483359374999999 0.7219953125 0.8554734375 0.7341296875000001 0.8429828125000001 0.7244937499999999 0.8383421875 0.7134296875 0.8483359374999999
0 0.6734578124999999 0.8415546875000001 0.6802390625 0.8486921875 0.6941578125000001 0.8369156249999999 0.6838078125 0.82870625 0.6734578124999999 0.8415546875000001
0 0.40712656249999996 0.47069218749999997 0.48355781249999996 0.5335015624999999 0.5028546875 0.5123140625 0.419234375 0.4510171875 0.40712656249999996 0.47069218749999997
0 0.374965625 0.40069375 0.384803125 0.405990625 0.390478125 0.3969109375 0.379884375 0.39161250000000003 0.374965625 0.40069375
0 0.35793906249999996 0.41809843750000003 0.3825328125 0.42301875000000005 0.384803125 0.4116671875 0.360965625 0.40977499999999994 0.35793906249999996 0.41809843750000003
0 0.3545328125 0.433990625 0.3935046875 0.4419359375 0.39728906249999996 0.43058593749999996 0.3586953125 0.42453124999999997 0.3545328125 0.433990625
0 0.788559375 0.3824984375 0.81991875 0.40499843750000003 0.8480874999999999 0.38037187499999997 0.8098203125 0.3530890625 0.788559375 0.3824984375
0 0.4288171875 0.0974453125 0.44674531249999994 0.11132500000000001 0.46120312500000005 0.10062656249999999 0.4418296875 0.08616875 0.4288171875 0.0974453125
0 0.4270828125 0.127228125 0.4343109375 0.1361921875 0.4198546875 0.1509390625 0.42968593750000006 0.15961406250000001 0.48780625000000005 0.11450625 0.46611874999999997 0.097734375 0.4270828125 0.127228125