0 0.976653125 0.4356171875000001 0.9674957411636397 0.4246075068684494 0.9123019911636397 0.47051531936844937 0.9214593750000001 0.4815250000000001
0 0.8660187499999997 0.38290937500000016 0.8372322966535919 0.3557315518086455 0.8232374999999997 0.37055468750000015 0.8520239533464077 0.3977325106913548
0 0.9068921874999999 0.3498156250000001 0.883891419177877 0.3212843348566027 0.8429327322411775 0.3543035661733261 0.8659335005633004 0.3828348563167235
0 0.9247828124999998 0.3339984374999999 0.8973318516691989 0.3077714714928287 0.8830271288199933 0.3227437861144146 0.9104780896507941 0.3489707521215859
0 0.8368531249999999 0.3298453125000001 0.8028119954836933 0.2973181877377901 0.7832262081540657 0.3178156134414382 0.8172673376703722 0.3503427382036482
0 0.81276875 0.34894531250000005 0.7759989624280564 0.3200986350626952 0.7538324691304084 0.3483534401972161 0.790602256702352 0.377200117634521
0 0.5579881662994947 0.35018497369551727 0.5414949363762566 0.3345579376759157 0.5278468749999999 0.3489625000000002 0.5443401049232379 0.36458953601960176
0 0.5788062499999999 0.3369531250000001 0.5634306595256087 0.3214398601586254 0.5541155012318926 0.330672349940294 0.5694910917062838 0.34618561478166865
0 0.5991984375 0.3223812500000002 0.5836698727331198 0.3056957883539358 0.5691120602331197 0.31924422585393575 0.584640625 0.3359296875000002
0 0.6222984375000001 0.3055656250000001 0.6062207586429189 0.28852780768052594 0.5904441961429188 0.303415307680526 0.6065218750000001 0.3204531250000001
0 0.5155578125 0.15847343750000004 0.48489090955149194 0.12147653025314482 0.4096390625 0.183853125 0.44030596544850803 0.22085003224685523
0 0.6462515625 0.19221718750000014 0.6397681294783769 0.18433043577160216 0.6295546875000001 0.19272656250000003 0.6360381205216232 0.20061331422839804
0 0.6577734374999998 0.18175312500000004 0.6503208926280374 0.17358512401899123 0.6416693301280374 0.18147887401899115 0.6491218749999998 0.189646875
0 0.6704749999999999 0.17080000000000006 0.6592877930199474 0.1596106865979968 0.6499829382846496 0.16891378966636394 0.6611701452647022 0.18010310306836722
0 0.6666578125 0.21298750000000005 0.6503795018623689 0.19412505768423755 0.6400396208019806 0.20304838760299915 0.6563179314396116 0.22191082991876168
0 0.6796468750000002 0.20289375000000004 0.6604867832653871 0.1850950438038142 0.651756695011767 0.19449287811530316 0.6709167867463801 0.21229158431148903
0 0.691671875 0.19190937499999988 0.6724813904537983 0.17401886477786896 0.66409843165767 0.18301095271896886 0.6832889162038717 0.20090146294109976
0 0.7040703125000002 0.17914375000000002 0.6895234375000001 0.165278125 0.6842344662275559 0.170826955577694 0.6987813412275559 0.18469258057769405
0 0.7175156249999999 0.1679343750000001 0.6857503276779555 0.13617386593501352 0.6803968753533469 0.14152812535329384 0.7121621726753913 0.1732886344182804
0 0.7287015625000001 0.15893281250000008 0.6972296875000001 0.12755468750000007 0.6909922157223827 0.13381079528531883 0.7224640907223826 0.1651889202853188
0 0.6534442670411936 0.05323879288753823 0.6240340125063888 0.0158788015541405 0.5144642521930681 0.10213349340819367 0.543874506727873 0.1394934847415914
0 0.5429984375 0.054826562499999995 0.516670620352279 0.021390145080524503 0.47765312499999996 0.052112499999999964 0.503980942147721 0.08554891741947546
0 0.5910234374999999 0.020287500000000104 0.5571062695349607 -0.015187005305144963 0.5312546874999999 0.009529687500000073 0.5651718554650391 0.045004192805145136
0 0.1120171875 0.09252343749999999 0.09186546417462613 0.06602765312774916 0.07152107146223453 0.08150085321886391 0.0916727947876084 0.10799663759111473