0 0.08301303105333717 0.33822210122058677 0.04677031250000001 0.31005468750000004 0.034199468946662835 0.3262294612794133 0.0704421875 0.35439687500000006
0 0.14168281250000003 0.351159375 0.11003836519430746 0.33396482459865817 0.1004637658640721 0.351585692658989 0.13210821316976468 0.36878024306033075
0 0.11868411794328186 0.3745379673649743 0.0939828125 0.35637656250000005 0.08360327081560959 0.3704937649638837 0.10830457625889145 0.38865516982885795
0 0.06286365842196759 0.3687031273487676 0.03964375000000005 0.3550406250000001 0.02900665407803251 0.3731187476512326 0.05222656250000006 0.3867812500000001
0 0.11092031250000005 0.400140625 0.07108287224268554 0.3735797027419311 0.06055787224268554 0.3893656402419311 0.10039531250000004 0.4159265625
0 0.15423125000000001 0.40014062499999997 0.12961406250000002 0.3817640625 0.11808925422768494 0.3972026607765347 0.14270644172768493 0.4155792232765346
0 0.1728515625 0.37666093749999996 0.1469859375 0.3577125 0.1362822803877114 0.37232356125478894 0.1621479053877114 0.3912719987547889
0 0.13237507639814317 0.44414170725837093 0.1066413667316642 0.42626086958796394 0.09530535283352104 0.44257541232959297 0.1210390625 0.46045625
0 0.1845906250000001 0.4058078125 0.16623620810558304 0.396506499454573 0.16107426960997911 0.40669262808704987 0.17942868650439617 0.41599394113247695
0 0.5930093750000001 0.4809531249999999 0.5680175002293371 0.4653268016610685 0.5620795677202073 0.4748236015445763 0.5870714424908703 0.4904499248835078
0 0.6089890625 0.46703437500000006 0.5939423537706746 0.4584997830587662 0.5879968981152396 0.468981776823253 0.6030436068445649 0.47751636876448683
0 0.5814125 0.49435625000000005 0.5575220227097514 0.4786376270987581 0.5510782727097514 0.48843137709875817 0.57496875 0.5041500000000001
0 0.5855359375000001 0.5183265625000001 0.545921875 0.49462343750000015 0.5397496202095259 0.5049388742635392 0.579363682709526 0.5286419992635392
0 0.557959375 0.5214187500000002 0.5352822084445168 0.5057367307360542 0.5272890625000001 0.5172953125000002 0.5499662290554833 0.5329773317639459
0 0.5381140624999999 0.5245124999999999 0.5227695781731028 0.5174797728438609 0.5176907398630931 0.5285611290683463 0.5330352241899903 0.5355938562244853
0 0.5601885677405828 0.5598183768563328 0.511684376021505 0.5290880749701097 0.5035270582809221 0.541963448113777 0.55203125 0.5726937500000001
0 0.6288343750000001 0.4889265625 0.6110436959367804 0.4821072578379457 0.6071576549100455 0.4922454335258347 0.6249483339732651 0.49906473818788905
0 0.6424937500000001 0.517278125 0.6070677514179759 0.4928204819258341 0.5995943139179758 0.5036454819258341 0.6350203125 0.5281031250000001
0 0.6290921875000002 0.5275875000000002 0.6042926683263286 0.510965984150094 0.5986796875 0.519340625 0.6234792066736716 0.5359621408499062
0 0.8650557366766117 0.6218321155483604 0.8256375000000002 0.618946875 0.82471296762404 0.6315778620528802 0.8641312043006515 0.6344631026012406
0 0.8228888568481709 0.6775878518479355 0.8224953125000003 0.662946875 0.7717137021712359 0.6643118669635459 0.7721072465194065 0.6789528438114814
0 0.8524156250000001 0.6455421875 0.8382078125000001 0.6443515625 0.8369056266318002 0.6598906387461159 0.8511134391318003 0.6610812637461159
0 0.8250390625000001 0.6853093750000001 0.7986625 0.6818031250000001 0.796694005668314 0.6966115709951838 0.8230705681683139 0.7001178209951839
0 0.8075671875000001 0.7011843750000002 0.7571552490108885 0.6997139810728635 0.7567609375000002 0.7132328125 0.8071728759891119 0.7147032064271367
0 0.7871406249999999 0.6815421875000002 0.7616421875 0.6815421875000002 0.7616421875 0.6948984375000002 0.7871406249999999 0.6948984375000002
0 0.8950671874999999 0.8632812500000002 0.8708687206965455 0.8478504768275734 0.8603749706965456 0.8643067268275735 0.8845734375 0.8797375000000003
0 0.8998359375000001 0.9023937500000002 0.8583022790606462 0.8741772478315315 0.8333 0.9109796875000002 0.874833658439354 0.939196189668469
0 0.8009140625000001 0.9454859375000002 0.7780961793845542 0.9294131281351413 0.7644581969959525 0.948774391061211 0.7872760801113984 0.9648472004260699
0 0.7817875500719702 0.9680934463649897 0.760932546002002 0.9519870084355528 0.7528531250000002 0.9624484375000002 0.7737081290699684 0.9785548754294371
0 0.8283061574930057 0.9650994322907683 0.807813059298024 0.9495169869047441 0.78508125 0.9794125000000001 0.8055743481949816 0.9949949453860244
0 0.5846515624999999 0.06608906249999999 0.5447919061924185 0.040433445349515075 0.5349796874999999 0.05567812500000002 0.5748393438075814 0.08133374215048494
0 0.5924643278377837 0.05167622702835013 0.5544327586814287 0.030117909620573924 0.549298118343645 0.03917605759222389 0.5873296874999999 0.0607343750000001
0 0.18400700535225903 0.9578433792955405 0.11294761589438881 0.9107121996484885 0.06887357068994113 0.9771623663241389 0.13993296014781134 1.0242935459711908