0 0.3630578125 0.22111093750000005 0.34798665569534487 0.20173525811660128 0.249409375 0.2784125 0.26448053180465514 0.2977881793833987
0 0.7341734375 0.3266859375000001 0.6743385532367716 0.28222520848854 0.648924307513363 0.316427491836288 0.7087591917765914 0.3608882208477481
0 0.7648874999999999 0.24500937500000006 0.7522049292431614 0.22857016955048107 0.7136739723264564 0.258296155330354 0.7263565430832949 0.274735360779873
0 0.5984703125000002 0.07973437500000005 0.5621058155275467 0.05387527199476616 0.5437171875 0.079734375 0.5800816844724533 0.10559347800523389
0 0.4511515625000001 0.35790000000000016 0.4290590666482824 0.32974474737328013 0.34905624999999996 0.3925203125 0.37114874585171764 0.42067556512672005
0 0.4311874999999999 0.6508859375 0.37367480587091 0.606920944806329 0.35582021023336413 0.6302773889858041 0.413332904362454 0.6742423816794751
0 0.4805609375000001 0.6712015625 0.4496766013949343 0.64647627111592 0.4365407431307494 0.6628842581991707 0.4674250792358152 0.6876095495832507
0 0.4729421875 0.6937734375000002 0.4324515625000001 0.6619078125000002 0.4121126514944118 0.6877518126862714 0.4526032764944117 0.7196174376862714
0 0.5178625 0.9587078125000001 0.4802089864365593 0.9251175302175032 0.4574118057673694 0.9506723601625566 0.4950653193308101 0.9842626424450536
0 0.4876765625 0.9800531250000002 0.44954073519670645 0.9471155382021308 0.43004687500000005 0.9696859375000002 0.46818270230329356 1.0026235242978696
0 0.8969734375 0.8974359375000003 0.8560769126619325 0.8622758923826307 0.8330546936925739 0.889054263876889 0.8739512185306413 0.9242143089942584
0 0.88354375 0.7492328125000001 0.8462641237153534 0.7044663687504379 0.784825961455894 0.755629506511867 0.8221055877405407 0.8003959502614292
0 0.8000453125 0.5660453125 0.7785527583052092 0.5443040249217864 0.7591136301012116 0.563520757827825 0.7806061842960025 0.5852620454060385
0 0.804528125 0.5912546875000001 0.7904395362022925 0.5761229665086313 0.7612687499999999 0.6032828125 0.7753573387977076 0.618414533491369
0 0.2969171875000001 0.7196671875000001 0.24903394207523538 0.6952039644609241 0.24434463442011678 0.7043826106664387 0.2922278798448815 0.7288458337055147
0 0.30746947494263643 0.7061987828655681 0.2633761722411695 0.6828242949691792 0.2573504472985331 0.6941911371036111 0.3014437500000001 0.7175656250000001
0 1.0300031615059024 0.87181769436994 0.9955953490059024 0.83874425686994 0.9626515624999998 0.8730171875000001 0.9970593749999999 0.9060906250000003