0 0.31732554098484983 0.4976987163822605 0.2839171874999999 0.4739265625000001 0.27140340394813495 0.49151289087412275 0.3048117574329849 0.5152850447563831
0 0.3113029742815625 0.521919277889476 0.27793437499999996 0.5017234375000001 0.26570327571843755 0.5219322846105242 0.2990718750000001 0.5421281250000001
0 0.34804375 0.6355749999999999 0.31509900579209615 0.6127447971578326 0.30479375 0.627615625 0.3377384942079038 0.6504458278421673
0 0.33592678866560666 0.6530419688808493 0.2962377087992351 0.6283198652783054 0.2862109201336285 0.6444169588974561 0.3259 0.6691390625
0 0.31967187500000016 0.6694859375000001 0.2836484375 0.6450078125 0.271679140855047 0.6626225280719006 0.3077025783550471 0.6871006530719006
0 0.27634218750000006 0.7059359374999999 0.21638983664282288 0.668402843695287 0.20216176638919453 0.691129620877694 0.26211411724637174 0.728662714682407
0 0.2597343749999999 0.7291203124999999 0.199358667100489 0.6853732630195026 0.18307842360283288 0.7078417777563786 0.2434541315023438 0.7515888272368759
0 0.4900218749999999 0.9109484374999998 0.46668437500000015 0.89661875 0.45451209473313436 0.9164426708446088 0.47784959473313415 0.9307723583446087
0 0.5325006093846253 0.940929365102124 0.4956390624999999 0.9153531249999999 0.4816282533253974 0.9355460891424603 0.5184898002100228 0.9611223292445843
0 0.5786718750000002 0.8215203125000002 0.5511367702209358 0.7988131631374522 0.524496875 0.8311171875000001 0.5520319797790645 0.853824336862548
0 0.6568421875000001 0.8900984375000002 0.6151390737489023 0.8599836646067539 0.5942504588387999 0.8889103407861461 0.6359535725898977 0.9190251136793923
0 0.6497468750000001 0.8389609375000001 0.5925392903016331 0.7985704937807825 0.5852483084738775 0.8088971805422631 0.6424558931722445 0.8492876242614809
0 0.6392265625 0.8494828124999998 0.582787734168595 0.8080235076996651 0.5739015624999999 0.8201203124999997 0.6303403908314049 0.8615796173003346
0 0.9336562500000001 0.5809171875000001 0.9050008214718112 0.5607215862801387 0.8953688065559977 0.5743883997608437 0.9240242350841866 0.5945840009807052
0 0.9199390624999999 0.5966312500000003 0.8902431385344182 0.5755045871281746 0.8810675031457702 0.5884019847195647 0.910763427111352 0.6095286475913904
0 0.9693218750000001 0.6053609375000001 0.934178312538241 0.5836424435883475 0.92555169780652 0.5976015134433297 0.9606952602682792 0.6193200073549823
0 0.9536078124999998 0.6225718750000001 0.9232647897617813 0.6009016817836684 0.9132897897617813 0.6148688692836684 0.9436328124999998 0.6365390625
0 0.9860646746556654 0.5879764839518555 0.9572468749999998 0.5653781250000003 0.9494822003443343 0.5752797660481449 0.9782999999999997 0.5978781250000001
0 0.9503656250000002 0.5614625 0.9210203125000002 0.5417765625 0.9147617630394986 0.5511060186010937 0.9441070755394987 0.5707919561010936
0 0.9996094217744831 0.5652585079715081 0.9585042405445584 0.5371192925136115 0.9529073187700752 0.5452951595421034 0.9940124999999999 0.573434375
0 1.0048876163037537 0.5483721628145004 0.981135849565316 0.5331985546370193 0.9746857332615623 0.543295141822519 0.9984375 0.5584687500000001
0 0.8905999999999998 0.3083906250000001 0.8506191340894524 0.27292478322665026 0.7915628245299511 0.3394993314570107 0.8315436904404985 0.37496517323036055
0 0.5041578125000001 0.08619375000000007 0.4298031081349965 0.03490718055890803 0.42009149372678234 0.048986972326986566 0.49444619809178586 0.10027354176807861
0 0.5212890625 0.06723906250000009 0.4463612019962019 0.016854279888702604 0.434112411666337 0.035069614075151946 0.5090402721701351 0.08545439668644943
0 0.4924953124999999 0.014020312500000066 0.46726632066841517 -0.0042833231942544184 0.4523999999999999 0.01620781250000003 0.4776289918315847 0.034511448194254515
0 0.5467444976561213 0.0883832326531278 0.5238406249999998 0.06906250000000003 0.5119678373684673 0.08313716377532918 0.5348717100245886 0.10245789642845696
0 0.557009375 0.07744531249999995 0.5334484890357304 0.060255901279534466 0.5267578125 0.06942656250000004 0.5503186984642696 0.08661597372046552
0 0.6084453124999998 0.013010937500000219 0.5827718528651495 -0.002858923562979454 0.5758720904640862 0.00830316353978544 0.6015455500989365 0.024173024602765113
0 0.6179171875 0.0035390625000000673 0.6028839033468234 -0.00842009639695065 0.5952421875 0.0011859375000000671 0.6102754716531765 0.013145096396950783
0 0.08230937500000002 0.44507343749999995 0.03029433908748922 0.40690898758970223 -0.00007479988229421863 0.4482996497860173 0.05194023603021658 0.486464099696315
0 0.11653281250000007 0.40820156250000006 0.07052036227896967 0.3770533703129152 0.05618602501249579 0.3982282101226735 0.10219847523352618 0.4293764023097584
0 0.510287775735294 0.8738776654411765 0.48730179227941167 0.8600860753676469 0.47294370404411745 0.8840162224264706 0.4959296875 0.8978078125
0 0.5173640625000001 0.7412140625 0.4974028243000593 0.7228983408917171 0.47757187500000003 0.7445109375000001 0.49753311319994087 0.7628266591082831
0 0.5404374999999999 0.7188453124999998 0.5107432983371433 0.7015304278441119 0.4996707443175201 0.7205193300814571 0.5293649459803768 0.737834214737345
0 0.5552718750000001 0.6936500000000001 0.5171415125758367 0.6678476233130258 0.5065328125 0.6835250000000002 0.5446631749241633 0.7093273766869744
0 0.551975 0.7386234375 0.5408040808880585 0.7280884740455397 0.5212618933880585 0.7488103490455397 0.5324328125 0.7593453125
0 0.472790625 0.1488734375000001 0.4030359375 0.0991218750000001 0.3965831775460994 0.10816903314898987 0.46633786504609953 0.1579205956489899
0 0.45361562499999997 0.1554265625000001 0.39525542558113114 0.11601246043808848 0.38899455473343486 0.12528289036272283 0.44735475415230364 0.16469699242463443
0 0.441721875 0.1675640625000001 0.3713587139112063 0.11837450562041045 0.3640791462870016 0.1287875571275122 0.43444230737579537 0.17797711400710187
0 0.37570000000000003 0.14280468750000003 0.3612995238767761 0.13494563241724022 0.355553125 0.14547500000000002 0.36995360112322395 0.15333405508275985
0 0.36526250000000005 0.15542656250000003 0.351414390055052 0.147153196451901 0.34560156250000007 0.15688281250000008 0.35944967244494813 0.1651561785480991
0 0.3528828125 0.168778125 0.3387537893475121 0.15973045108314307 0.3324937499999999 0.16950625000000002 0.3466227731524878 0.17855392391685693
0 0.3402609375000001 0.1806718750000001 0.3261140625 0.17203593750000007 0.31912372008191114 0.183487097307016 0.33327059508191115 0.19212303480701604