0 0.5060203125 0.19719374999999997 0.46085527181932023 0.1645364760872256 0.43811547979417587 0.19598562994584273 0.48328052047485565 0.22864290385861707
0 0.4759390625 0.22460156250000002 0.43520695224196915 0.19312684838944066 0.4124359375 0.22259531250000003 0.4531680477580308 0.25407002661055933
0 0.044503125 0.592825 0.0037832021112861993 0.556438975844344 -0.019291797888713845 0.582262413344344 0.021428124999999954 0.6186484375
0 0.08098045618686815 0.7126421349149632 0.02767833292209252 0.6713754491826659 0.002190064235224387 0.7042973767677025 0.055492187500000026 0.7455640625
0 0.2167609375 0.8756218749999999 0.18374536384515888 0.8527646389658179 0.1471672388451588 0.905599013965818 0.18018281249999993 0.92845625
0 0.2239859375 0.813303125 0.1976763804036797 0.7947647771246438 0.1836763804036797 0.8146335271246438 0.2099859375 0.833171875
0 0.26146718750000003 0.7803375 0.22294488067660576 0.7655220168317352 0.2116558181766058 0.794875141831735 0.2501781250000001 0.8096906249999998
0 0.24694136677047612 0.8378535931978899 0.22488906250000013 0.8214312500000002 0.21593207072952417 0.8334589068021103 0.23798437500000014 0.8498812499999999
0 0.23572656249999988 0.8553000000000001 0.21088906249999995 0.838140625 0.20209287865210807 0.8508727446909568 0.22693037865210802 0.8680321196909567
0 0.4259894613387189 0.9155893048518455 0.39938273745065395 0.897534042134828 0.39061202611193513 0.9104587997829825 0.41721875000000014 0.9285140625
0 0.41628490552967784 0.9340934609879256 0.38893492001731755 0.9129809020526951 0.3785062644876397 0.9264905660647695 0.40585625 0.9476031250000002
0 0.40631093750000025 0.9503296875000004 0.354415058165623 0.9077852569210789 0.34450000000000003 0.9198796875000002 0.39639587933437725 0.9624241180789216
0 0.3544984375 0.9371500000000001 0.34008702597654666 0.9256220598415943 0.3309979634765467 0.9369845598415945 0.345409375 0.9485125000000002
0 0.34352483510053283 0.9542691808462319 0.32632031250000004 0.9407859375 0.3172970398994673 0.952299569153768 0.33450156250000007 0.9657828125
0 0.3567718750000001 0.9916874999999999 0.3118543207536477 0.9598717033577351 0.3054140625 0.9689640624999999 0.3503316167463525 1.000779859142265
0 0.33768281250000004 0.9984375 0.300415625 0.9730546875000001 0.29249426118142624 0.9846848782317208 0.32976144868142626 1.0100676907317208
0 0.6126078271788351 0.8425474374394624 0.5719109375 0.811359375 0.5577374853211648 0.8298541250605377 0.598434375 0.8610421875000001
0 0.5933147895299047 0.8662526274147375 0.5516809923587416 0.8352300276771925 0.5377490153288369 0.8539274002624554 0.5793828125000001 0.8849500000000002
0 0.5496412461938055 0.8701485207399611 0.53455625 0.8595484375 0.5202181288061946 0.8799530417600389 0.5353031250000001 0.890553125
0 0.9983130107046984 0.6745668797561766 0.9430359374999998 0.6285031250000002 0.9162848130159092 0.6606048039500169 0.9715618862206078 0.7066685587061932
0 0.9779843749999999 0.5467687500000002 0.9492414200503447 0.5224703447955106 0.9030195450503447 0.5771469072955105 0.9317624999999999 0.6014453125000002
0 0.7919703125000002 0.5924265625000001 0.7398344819564061 0.5561094457086078 0.7061050997331606 0.6045303973505627 0.7582409302767547 0.6408475141419551
0 0.6572500000000001 0.5428234375000001 0.6358296875 0.5394406250000001 0.6336309138673479 0.5533634830739157 0.655051226367348 0.5567462955739158
0 0.6950171874999999 0.5608609375 0.6758327710085711 0.5564329778300701 0.6724499585085711 0.5710892278300701 0.6916343749999999 0.5755171875
0 0.68430625 0.5817171875 0.6221325941812029 0.553907073160452 0.6125513441812028 0.575327385660452 0.6747249999999999 0.6031375000000001
0 0.6634362580658894 0.6027204591985691 0.5980190836796633 0.5819626506515243 0.5912687631137739 0.6032359414529553 0.6566859375 0.6239937500000001
0 0.9594906249999999 0.025309375000000123 0.9445765625 0.025309375000000117 0.9445765625 0.041579687500000115 0.9594906249999999 0.04157968750000012
0 0.9784734374999999 0.052426562499999996 0.978123161817566 0.04015600537556533 0.9599050646983189 0.04067605970858217 0.9602553403807528 0.052946616833016845
0 0.9387015624999998 0.05559062500000002 0.9376702938861025 0.041656009300106635 0.9254671688861025 0.04255913430010662 0.9264984374999999 0.056493749999999995
0 0.982691215289457 0.07088899197251035 0.9820241540648056 0.05594423717734569 0.9292109375 0.0583015625 0.9298779987246514 0.07324631729516466
0 0.9612984375 0.07547500000000011 0.9472890625 0.07547500000000011 0.9472890625 0.0921984375000001 0.9612984375 0.0921984375000001
0 0.9292109375000001 0.13016250000000001 0.8769787100294163 0.08888031207526229 0.832664264009494 0.14494909963481098 0.8848964914800778 0.1862312875595487
0 0.8808515624999996 0.19207968750000023 0.8256569273843926 0.1516036217485551 0.8025815661127165 0.18307002348265908 0.8577762012283235 0.2235460892341042
0 0.7857752880548778 0.009812791278989996 0.7340418421257506 -0.03400803498420335 0.6669375834097296 0.045213075979085325 0.718671029338857 0.08903390224227867
0 0.6941968750000002 0.07321562500000009 0.6666648589357462 0.05639148330132504 0.6569902985257821 0.0722235035845769 0.6845223145900361 0.08904764528325196
0 0.059891697263480224 0.08408514188712732 0.03461763204377035 0.059958789524348854 0.016985309780290107 0.07842989763722152 0.04225937499999998 0.10255624999999999