0 0.3898757239210382 0.3990508073477976 0.316589441857162 0.3471651483179291 0.3084824679361238 0.35861590347013167 0.38176875000000005 0.4105015625000002
0 0.37964989336662947 0.4124226264224652 0.31068093104658556 0.3637432427019641 0.3015279126799561 0.3767112412794991 0.37049687500000006 0.4253906250000002
0 0.4043125000000001 0.33970156250000005 0.3750968750000001 0.3215062500000001 0.36454256169567956 0.3384529696362547 0.3937581866956795 0.3566482821362547
0 0.4208578125 0.3175187500000001 0.3796984375 0.2906984375000001 0.36924019743129927 0.3067480127921477 0.4103995724312993 0.33356832529214775
0 0.44546770717060635 0.2701287923002013 0.36011562500000005 0.2282703125 0.34959948032939375 0.2497133951997986 0.43495156250000006 0.291571875
0 0.4433358982633727 0.23320500036218683 0.4110312459869176 0.21929860523879627 0.3999640977235449 0.24500766737660945 0.4322687500000001 0.25891406250000004
0 0.12702343750000003 0.10784375000000004 0.07804523017440691 0.07567105795041762 0.06755312500000002 0.09164375000000005 0.11653133232559316 0.12381644204958246
0 0.113709375 0.12515312499999998 0.06590288053518548 0.09592049455460508 0.05579332018303122 0.1124534795666708 0.10359981464784573 0.1416861100120657
0 0.2428200674354281 0.03345465427524006 0.17580167998387738 -0.010719678902863395 0.16873593750000002 -1.1102230246251566e-17 0.23575432495155074 0.044174333178103445
0 0.7019163576221209 0.10907615798570998 0.6543234375 0.07795156250000015 0.6394789548778791 0.10065040451429023 0.687071875 0.13177500000000006
0 0.7996828125000002 0.0426609375 0.7995386252938836 0.00008653038967279779 0.761030832397524 0.00021694514934394657 0.7611750196036404 0.04279135225967115
0 0.7913203278198329 0.42963972929638317 0.7334875000000002 0.3925171875 0.7228042355189289 0.4091605358643549 0.7806370633387616 0.44628307766073816
0 0.7758851090117498 0.4657663986394251 0.7166375 0.4252828124999999 0.7052452139995214 0.4419553894891483 0.7644928230112711 0.4824389756285735