0 0.35986766666725484 0.9140981378041477 0.31649687500000007 0.8814546875000001 0.2999741699837404 0.9034071095130818 0.34334496165099515 0.9360505598172294
0 0.4024968750000001 0.9431281250000001 0.3624572724523558 0.9152882966353953 0.34610432121744494 0.9388073233819576 0.38614392376508927 0.9666471517465623
0 0.33907187500000024 0.9415421875 0.29567187500000014 0.9104906250000002 0.2883377257128851 0.9207413838486345 0.3317377257128852 0.9517929463486343
0 0.38285781250000017 0.9732578125000003 0.3381071672696578 0.9453006174907042 0.33094834729080874 0.9567596287768806 0.37569899252115113 0.9847168237861765
0 0.18800793048041742 0.022545478151254204 0.16087968749999998 0.002418750000000003 0.14857800701958257 0.018999834348745803 0.17570625 0.0391265625
0 0.22768281250000005 0.02581875 0.1792398520414041 -0.009669434013913758 0.17095671926244174 0.0016374131757664224 0.21939967972103766 0.037125597189680185
0 0.2495703125 0.06400312499999997 0.233346875 0.05402968749999998 0.22679922987174378 0.06468050989803915 0.2430226673717438 0.07465394739803914
0 0.2691578124999999 0.04896093750000004 0.25364687499999994 0.03652656250000004 0.2451875693371223 0.04707890320311472 0.26069850683712226 0.059513278203114715
0 0.28344005181804155 0.025805559030573022 0.2684171875 0.016664062499999986 0.25849432318195836 0.03297100346942694 0.2735171874999999 0.042112499999999976
0 0.30032499999999995 0.00619843750000002 0.2871919199205616 -0.00427209027477613 0.273619256401879 0.012751968179234408 0.2867523364813175 0.023222495954010557
0 0.2415805881071155 0.0002302895840087249 0.22143527560711548 -0.013169710415991265 0.21230937499999988 0.0005500000000000615 0.2324546874999999 0.013950000000000051