0 0.49283124999999994 0.5170046875000001 0.43551307655930477 0.4683152636112755 0.3921083890593048 0.5194121386112754 0.44942656249999996 0.5681015625
0 0.25412017919154367 0.26308094489686007 0.1837751802813994 0.24901068715705382 0.16914428934003722 0.32215860145664904 0.2394892882501815 0.3362288591964553
0 0.15072885064322464 0.12008137427359822 0.09280308922945635 0.06742110959922501 0.01436523504706454 0.15370196016601445 0.07229099646083281 0.20636222484038766
0 0.0733921875 0.03727968750000001 0.018964428590179588 -0.0037857090746232875 -0.05442775890982039 0.09348772842537671 1.1102230246251566e-17 0.13455312500000002
0 0.6477669160465878 0.2560105275783927 0.6173828125 0.23766562500000016 0.6033893339534122 0.26084259742160765 0.6337734374999999 0.2791875000000002
0 0.6680669483419 0.23069655417158613 0.6397828125000001 0.2114406250000001 0.624700969677056 0.23359364017517983 0.6529851055189558 0.2528495693467659
0 0.7042531249999998 0.22236718750000004 0.6599984374999999 0.18794687500000004 0.6436708533653844 0.208939483173077 0.6879255408653844 0.243359795673077
0 0.9560785797455355 0.4372373232106456 0.8954983762566264 0.3836002451038424 0.865396359011091 0.4175988593931967 0.9259765625 0.47123593750000003
0 0.9836476358774014 0.39340116912459494 0.931475 0.34586562499999995 0.904622824576504 0.3753372298103742 0.9567954604539054 0.4228727739349692
0 0.9859109374999999 0.19630312500000016 0.9408218749999998 0.16495937500000007 0.9236848286571778 0.1896116056238692 0.9687738911571779 0.2209553556238693
0 0.9600671875 0.2210468750000001 0.9241961502249328 0.1897734152946533 0.9055008377249327 0.21121716529465323 0.941371875 0.24249062500000002
0 0.7380643426109137 0.02303515182311098 0.6920683204684407 -0.018562914105491667 0.6430063472472844 0.03568613705248667 0.6890023693897576 0.07728420298108932