0 0.6284593750000002 0.9688359375000001 0.5689538024009944 0.9229088497632606 0.5518005724477758 0.9451334849532721 0.6113061450467816 0.9910605726900116
0 0.69871875 0.9926906249999998 0.6663652964478655 0.9713554179116958 0.6485062500000001 0.9984375000000002 0.6808597035521348 1.0197727070883043
0 0.8050140625000001 0.9984375 0.7734267112459766 0.9824371687667017 0.7660484375000001 0.997003125 0.7976357887540235 1.0130034562332983
0 0.8338453125 0.9878218750000001 0.7983828125000001 0.967 0.7892984553535856 0.9824719022808812 0.8247609553535856 1.0032937772808812
0 0.958646875 0.9886796875 0.9492296874999999 0.9808359374999999 0.9367117853453374 0.995864900903616 0.9461289728453375 1.0037086509036162
0 0.9689375 0.9771515625000001 0.960500459029654 0.9686515458355036 0.952697334029654 0.9763968583355036 0.961134375 0.9848968750000001
0 0.7872281250000002 0.9086937500000001 0.7759515625 0.8988296874999999 0.7645483210871359 0.9118658340668684 0.7758248835871361 0.9217298965668685
0 0.8007008491387303 0.9231208009958858 0.7879468749999999 0.9144296875000002 0.7802788383612695 0.9256823240041147 0.7930328124999999 0.9343734375000002
0 0.7735078125 0.9244593750000003 0.7588813248163178 0.9162185307283689 0.7494328013296674 0.9329885008735662 0.7640592890133495 0.9412293451451973
0 0.786715625 0.935446875 0.7750671875 0.9280062499999999 0.7652412560852857 0.9433889292727203 0.7768896935852858 0.9508295542727204
0 0.755240625 0.9429421874999999 0.7457416932796439 0.9330585482086484 0.7342619591280286 0.9440914489104631 0.7437608908483847 0.9539750882018145
0 0.7380328125 0.9655484375000002 0.7120062500000003 0.9478031250000004 0.7049682726343929 0.9581255331164856 0.7309948351343926 0.9758708456164855
0 0.7925781249999999 0.886703125 0.7805668872018313 0.8789860429385736 0.7733700122018313 0.8901876054385738 0.7853812499999999 0.8979046875
0 0.8045640331042652 0.8594541461195867 0.7912703125 0.8591265625000002 0.7909312793957348 0.8728849163804135 0.804225 0.8732125
0 0.7669484375000002 0.8646125 0.7511901679408082 0.8640935668641319 0.7507687500000002 0.8768906250000004 0.7665270195591922 0.8774095581358685
0 0.7969285779345094 0.8373653689755015 0.7675968750000001 0.8339812500000001 0.7662888092428783 0.8453188526329025 0.7956205121773877 0.848702971608404
0 0.8166109374999999 0.838140625 0.8039406250000001 0.838140625 0.8039406250000001 0.8517625000000001 0.8166109374999999 0.8517625000000001
0 0.7224499999999999 0.8673109374999999 0.696790971635839 0.8543788491360444 0.691570659135839 0.8647366616360443 0.7172296874999999 0.87766875
0 0.6637946446013812 0.8774376484516513 0.663634375 0.8662000000000001 0.6370226107816123 0.8665795328588255 0.6371828803829934 0.8778171813104766
0 0.8115273922170154 0.8197900647447611 0.716978125 0.8038703125000002 0.714544482782985 0.8183239977552393 0.8090937500000003 0.8342437500000003
0 0.5945562500000001 0.7930312500000001 0.5526964602792196 0.7619260565818753 0.5417058352792197 0.7767166815818751 0.5835656250000001 0.8078218750000001
0 0.5826765625000001 0.8163187500000001 0.5248390889731791 0.7754791000133201 0.5138582542605554 0.7910302552558578 0.5716957277873765 0.8318699052425378
0 0.6064978286857177 0.734382679434891 0.5828859375 0.7168359374999999 0.5712978708433089 0.7324294972597497 0.5949097620290267 0.7499762391946408
0 0.63629375 0.7204140625 0.6014546874999999 0.6968203124999999 0.5908285328201025 0.7125111317647462 0.6256675953201026 0.7361048817647464
0 0.6641203124999999 0.7178890625000002 0.6510171875 0.7094812500000003 0.6406352003730779 0.725661020311535 0.6537383253730777 0.734068832811535
0 0.5048656250000001 0.6066125 0.433369665222164 0.5538312675181566 0.4160053310532728 0.577352501845813 0.4875012908311088 0.6301337343276564
0 0.519578125 0.584878125 0.4991269974528983 0.5704255083694789 0.4860546875000001 0.5889234375000001 0.5065058150471018 0.6033760541305211
0 0.3307375 0.713665625 0.2920795316229655 0.685396397759811 0.28129525747901624 0.7001438164028426 0.3199532258560507 0.7284130436430317
0 0.19094843749999996 0.7789718749999999 0.15984843402833032 0.7569233534056383 0.14686562499999994 0.7752359375 0.17796562847166958 0.7972844590943616
0 0.17274687500000008 0.8023875 0.1394064508739235 0.7781383410206015 0.1263417155562207 0.7961011832353438 0.1596821396822973 0.8203503422147426
0 0.15266406250000006 0.8210890625000001 0.10962865076570001 0.7898758604884886 0.09674062500000002 0.8076453125 0.13977603673430009 0.8388585145115115
0 0.9001828125 0.4899750000000001 0.870829820087461 0.46225474615704465 0.8195251325874612 0.5165813086570448 0.848878125 0.5443015625000001
0 0.8356171874999999 0.5096125000000002 0.8055689473407451 0.4895840462193772 0.7991126071510639 0.4992703486516238 0.8291608473103187 0.5192988024322468
0 0.8293015625000001 0.4541578125 0.8201911403930586 0.4454550216363088 0.7890187499999999 0.4780875 0.7981291721069413 0.48679029086369124
0 0.829573457698972 0.474840706404291 0.8213625 0.4670750000000001 0.813486063120487 0.4754030369704127 0.8216970208194588 0.4831687433747036
0 0.7250687499999999 0.39631875000000016 0.6846948181320084 0.3581988536589192 0.6112062500000001 0.43603281250000003 0.6515801818679916 0.47415270884108107
0 0.6406971750447797 0.35194298876742874 0.6218366989958566 0.3366494788836493 0.6027082739510767 0.3602393026162206 0.6215687499999999 0.37553281250000003
0 0.6111015977434792 0.3309454281237561 0.5906972412620723 0.313716719582496 0.5697217623239269 0.33855846257194805 0.5901261188053338 0.3557871711132082
0 0.7002523778627083 0.29976173105289955 0.6819984375 0.28325781250000004 0.6548329885011791 0.3133037972981711 0.6730869288638874 0.3298077158510706
0 0.7127999999999999 0.34782343750000017 0.6764541011238053 0.3221658436330058 0.670316565325904 0.33086012169414974 0.7066624642020986 0.3565177155611441
0 0.7553359375 0.337078125 0.7265830098646006 0.3098130768832541 0.6981579190958076 0.3397893517977584 0.7269108467312071 0.3670543999145043
0 0.9003546875000001 0.1657984374999999 0.7894375837275341 0.08705582538560215 0.7421453125000002 0.15367187499999985 0.8530624162724662 0.2324144871143976
0 0.2522368564387882 0.26638522365695955 0.2405919358906546 0.25488158145680695 0.18908164195186644 0.3070244827998474 0.2007265625 0.318528125
0 0.2531171875 0.2882546875 0.24292105657365143 0.2785798328422834 0.20614918157365145 0.3173329578422834 0.21634531250000003 0.3270078125
0 0.21584596624548733 0.24018524972924196 0.2068848120938628 0.231817113131769 0.19189687500000002 0.24786718750000003 0.20085802915162457 0.25623532409747296
0 0.2320058906180956 0.2501505812507526 0.22222031249999996 0.24070937500000006 0.2068050468819044 0.2566869187492475 0.21659062500000004 0.26612812500000005
0 0.291370536982374 0.06020136024844436 0.25385312500000007 0.04164062500000003 0.24874445575487059 0.05196694269085075 0.2862618677372445 0.07052767793929507
0 0.3053296875 0.04638125000000003 0.26787031250000004 0.026168749999999998 0.26207727355422383 0.03690485974691081 0.2995366485542238 0.057117359746910845
0 0.4579078124999999 0.0489656250000001 0.4236078124999999 0.025303125000000048 0.414203846310054 0.03893465338098854 0.44850384631005413 0.06259715338098859
0 0.48563593749999995 0.045589062500000076 0.4747390625 0.037562500000000124 0.46403726788227057 0.05209127470586827 0.47493414288227054 0.06011783720586823
0 0.5133265625 0.01475781249999999 0.48416086507382855 -0.0009465380039729964 0.4743242828374951 0.01732169799470613 0.5034899802636665 0.033026048498679114