0 0.7216441711252793 0.5391677850472327 0.6647661065652017 0.4975512900315501 0.6216969354399225 0.5564147549843175 0.6785750000000002 0.5980312500000002
0 0.6566359375 0.6259375000000003 0.6079889118502115 0.5814176835314673 0.534983125930833 0.6611914701712491 0.5836301515806215 0.705711286639782
0 0.53575625 0.6236921875000001 0.4905813789941753 0.5929449106935509 0.4791229967762198 0.6097799280477709 0.5242978677820445 0.6405272048542201
0 0.5235755102998543 0.6382419528657748 0.4739843750000001 0.6082796875000002 0.4644588647001461 0.6240455471342254 0.5140500000000001 0.6540078125000003
0 0.4889765624999999 0.6446515625 0.4652715427877453 0.622947298437721 0.43682935528774536 0.6540113609377209 0.46053437499999994 0.675715625
0 0.6487616422859415 0.7478594170555196 0.6475555017310979 0.7198133355824529 0.6068641719451564 0.7215632935269334 0.6080703125 0.7496093750000001
0 0.7713875000000001 0.8161546875000003 0.7043863204816654 0.8018602191011318 0.6946015625000002 0.8477234375 0.7616027420183349 0.8620179058988683
0 0.3476328125 0.37287656250000006 0.30811975073800923 0.34034751040689926 0.29240781250000003 0.35943281250000014 0.3319208742619908 0.39196186459310095
0 0.3283765625 0.395040625 0.28760142233359837 0.36279201424427276 0.273878125 0.38014374999999995 0.3146532651664016 0.41239236075572716
0 0.3054875 0.41538906249999996 0.26800073887404874 0.38855437921866604 0.25472257482074295 0.4071033353900139 0.29220933594669424 0.43393801867134796
0 0.28337881029417594 0.4371089612482472 0.24706875000000003 0.4070296875000001 0.2346618147058241 0.42200666375175294 0.270971875 0.45208593750000003
0 0.2851421875000001 0.47461406250000004 0.2318823892033758 0.42866126241811636 0.215746875 0.4473625 0.2690066732966242 0.49331530008188373
0 0.35341562499999996 0.2617625 0.35051863056456367 0.23720400695143398 0.2844889430645637 0.244993069451434 0.28738593749999997 0.26955156250000006
0 0.41553789099848987 0.20647802079359448 0.412646490399131 0.1618125539964212 0.3589882869006412 0.16528609570282676 0.36187968750000005 0.2099515625
0 0.34799687500000004 0.14764375000000002 0.3060502657857618 0.10934790391885874 0.2599578125 0.15983437500000006 0.30190442171423826 0.19813022108114137
0 0.026368750000000007 0.2055484375 0.0036535833609434576 0.1861162267571496 -0.02241829163905653 0.21659278925714961 0.00029687500000001864 0.236025
0 0.8987703125 0.5804437500000003 0.8534205552994709 0.5402426991575546 0.7982703125000001 0.6024562500000002 0.8436200697005292 0.6426573008424459
0 0.5158078125000001 0.9927421875 0.44783250774719596 0.9463062343684774 0.4318312500000001 0.9697296874999999 0.4998065547528043 1.0161656406315227
0 0.582253125 0.9973109375000003 0.5206926234522076 0.9601972240518541 0.5071314670676742 0.9826911086847222 0.5686919686154667 1.0198048221328684
0 0.9579768215913284 0.8873478923289246 0.8931336479762535 0.8443405573569095 0.8812787013849253 0.862214540027985 0.946121875 0.9052218750000002
0 0.9110921875000001 0.8850234374999999 0.8807914229105535 0.8629020934500227 0.8653328125000002 0.8840765625000001 0.8956335770894466 0.9061979065499773
0 0.9133015624999998 0.9642390625000001 0.8969360854587588 0.9495903641532667 0.8612312499999998 0.9894796875 0.8775967270412408 1.0041283858467334
0 0.95275 0.9645484375000004 0.9271997571189029 0.9455350221194605 0.9114078125 0.9667562500000004 0.936958055381097 0.9857696653805403
0 0.9555890625 0.9984375000000002 0.9098226989075713 0.9727826299678999 0.9009937499999999 0.9885328125000001 0.9467601135924287 1.0141876825321003
0 0.9624570682007713 0.940738233561504 0.9347314712515506 0.9223511836905992 0.9205609375 0.9437187500000002 0.9482865344492206 0.9621057998709052
0 0.9951890625 0.13171562500000014 0.9368766922169017 0.08728933066391273 0.8755336979575592 0.1678059582373074 0.9338460682406575 0.2122322525733948
0 0.8370906250000001 0.010004687500000031 0.7802708079730174 -0.043287073294318065 0.7074968749999999 0.03430468750000006 0.7643166920269826 0.08759644829431816
0 1.0113128188053242 0.01776985117596892 0.962362289911608 -0.009994063230855587 0.9494869711062837 0.012706398093175687 0.9984375 0.040470312500000195
0 0.5961524417809733 0.03091945263844966 0.5960484374999999 0.0032203124999999914 0.5311312499999999 0.003464062500000001 0.5312352542809733 0.031163202638449673
0 0.2842859375000001 0.81826875 0.22394517373846262 0.7742158285781461 0.2084061112384626 0.795500203578146 0.26874687500000005 0.8395531249999999
0 0.25962656250000016 0.8388765625000001 0.205283030620727 0.7995909497822355 0.1938820546603901 0.8153618454790011 0.24822558653966326 0.8546474581967658
0 0.25082994349134796 0.8614976239290316 0.1892589873150074 0.817597102346792 0.17272505328758844 0.8407861235869533 0.23429600946392898 0.884686645169193
0 0.22719687500000005 0.87705 0.1704147340547658 0.8417321297420794 0.15726883586023072 0.8628673861627691 0.21405097680546498 0.8981852564206896
0 0.19814687500000003 0.8831312499999999 0.14589910177125764 0.8612943139194472 0.13482625060634096 0.8877875826878349 0.18707402383508334 0.9096245187683876
0 0.31317854924036004 0.9042735757628069 0.25868796064096494 0.8624919500592363 0.2341203489006049 0.8945324367964294 0.2886109375 0.9363140624999999
0 0.6242187500000002 0.7670125000000001 0.5736659850679526 0.7667325340813522 0.5735175614551091 0.7935330248220834 0.6240703263871568 0.7938129907407313
0 0.24226406249999996 0.047743749999999995 0.19810254159322188 0.002366645462852346 0.14173365091625226 0.05722549927281737 0.18589517182303034 0.10260260380996503
0 0.9984375 0.3118140625000001 0.977746875 0.3118140625000001 0.977746875 0.3737656250000001 0.9984375 0.3737656250000001