0 0.9844531249999997 0.8318171875000001 0.9307420478507206 0.7922947690323083 0.8955186103507206 0.8401635190323082 0.9492296874999997 0.8796859375
0 0.8905234375 0.9257468749999997 0.8903896441113469 0.9116981062385262 0.8331679845945479 0.9122430564659156 0.8333017779832008 0.9262918252273892
0 0.9243921875 0.9442625 0.9242692860454989 0.9329551409213528 0.8411786610454988 0.9338582659213527 0.8413015624999998 0.9451656249999999
0 0.9496630939534162 0.9641173697645362 0.9491909236106025 0.9493739834423017 0.8905014838541707 0.9512535660757392 0.8909736541969844 0.9659969523979737
0 0.9894203125000001 0.97090625 0.9451656249999999 0.97090625 0.9451656249999999 0.9858078125 0.9894203125000001 0.9858078125
0 0.870203125 0.963228125 0.869725041597691 0.948645754095663 0.838140625 0.94968125 0.8386187084023089 0.964263620904337
0 0.8227859375 0.9564546875 0.7834984375000003 0.9564546875 0.7834984375000003 0.968196875 0.8227859375 0.968196875
0 0.8194828125000001 0.6498875000000002 0.7753569094310153 0.6158469053255098 0.7349140625 0.6682718750000001 0.7790399655689848 0.7023124696744905
0 0.10303281249999996 0.8358578124999999 0.06659062499999999 0.806703125 0.060675116218636124 0.8140972732023553 0.0971173037186361 0.8432519607023552
0 0.12655468749999996 0.7901390625000001 0.10339576757667665 0.7714730317297585 0.09089264114974575 0.7869856443080099 0.11405156107306906 0.8056516750782517
0 0.16113281250000008 0.9549078125000001 0.09887006250000016 0.90821075 0.05711587500000013 0.963883 0.11937862500000004 1.0105800625
0 0.054581250000000026 0.3420546875 0.014779238050358435 0.31668149506614784 -0.0005879273683223607 0.3407874132796721 0.03921408458131923 0.3661606057135242
0 0.07285625 0.32155624999999993 0.03253248788153529 0.29096550642681845 0.01457187499999999 0.314640625 0.0548956371184647 0.3452313685731815