0 0.6699859375 0.445803125 0.6280575049473593 0.42012169723041975 0.6210374999999999 0.43158281250000013 0.6629659325526406 0.4572642402695804
0 0.6547017391814914 0.458773565519941 0.6436689689625765 0.4537027509760814 0.6384437922810853 0.46507137295614037 0.6494765625000002 0.4701421874999999
0 0.6464687499999999 0.4734234374999999 0.6240932113901219 0.45831616846254786 0.6166624999999999 0.4693218749999999 0.639038038609878 0.4844291440374519
0 0.6114671875 0.45181875000000005 0.5997357465481152 0.4403423086961814 0.5874294965481153 0.45292199619618134 0.5991609375 0.46439843750000004
0 0.6040828125 0.468228125 0.5813375 0.4552953125 0.5751112278459999 0.4662456379495323 0.5978565403459999 0.47917845044953233
0 0.5908721463697397 0.4769844304536151 0.569944908358923 0.4628465882211688 0.5622453124999998 0.47424375 0.5831725505108165 0.4883815922324463
0 0.6344375 0.48190156249999994 0.6090909544826392 0.46736339211409356 0.6027767190723103 0.47837193383474796 0.6281232645896712 0.49291010422065434
0 0.583028125 0.4985828125000002 0.5507412566376225 0.4831756630412916 0.5436500000000001 0.4980359375000002 0.5759368683623776 0.5134430869587087
0 0.5983406249999998 0.5188203125000002 0.5754918205520402 0.5010468039531466 0.566346875 0.5128031250000002 0.5891956794479597 0.5305766335468537
0 0.5849421875 0.5308515624999999 0.5537681511253174 0.5143503363594472 0.5472046875000001 0.5267499999999999 0.5783787238746826 0.5432512261405527
0 0.527015625 0.1129375000000001 0.49948869508005933 0.0812656678948386 0.43289374999999997 0.13914531250000012 0.46042067991994057 0.1708171446051616
0 0.38200468749999994 0.13315312499999998 0.32948612058768295 0.09982509928776234 0.3155578124999999 0.12177343750000003 0.36807637941231697 0.15510146321223767
0 0.42213425721782005 0.10617480860292897 0.4158765625 0.072209375 0.3753751498325852 0.07967123987933654 0.38163284455040525 0.1136366734822655
0 0.408708731578312 0.11251127439728201 0.3660696250889383 0.1115026181359895 0.3657202685106263 0.12627103123870753 0.40835937499999997 0.12727968750000004
0 0.34457788671347034 0.022772630427811302 0.2623451043014863 -0.00569406164227364 0.24854603754584442 0.034167811005641535 0.33077881995782843 0.06263450307572647
0 0.5773234375000001 0.028682812500000134 0.49443368832954293 -0.023496329383086056 0.46267101555849643 0.026960613448102456 0.5455607647289537 0.07913975533118864
0 0.73373125 0.2739125000000002 0.6683222136945159 0.2292825505931521 0.6460959045613885 0.26185712171293407 0.7115049408668725 0.30648707111978213
0 1.0137065031809993 0.2853508846339045 0.964120541849811 0.24245575012164014 0.9452062499999998 0.2643203125000001 0.9947922113311879 0.3072154470122645
0 0.06317343750000001 0.10155000000000003 0.022806571855519008 0.08379755694513884 0.013433756592393492 0.10511018266475913 0.0538006222368745 0.1228626257196203