0 0.9336031249999998 0.8997640625000001 0.8872452723691433 0.85539281509415 0.8500780848691434 0.89422406509415 0.8964359375 0.9385953125000001
0 0.7644953125 0.7315171875000002 0.7095118616138354 0.6759889864399302 0.6712868616138354 0.7138389864399303 0.7262703125000001 0.7693671875000001
0 0.6288343750000001 0.6104718750000002 0.6067067754270642 0.5891568254630213 0.5673583379270644 0.6300052629630213 0.5894859375000001 0.6513203125000002
0 0.73626875 0.5866828125000001 0.69995625 0.5866828125 0.69995625 0.6120031250000001 0.73626875 0.6120031250000002
0 0.69129375 0.5307140625 0.6894595618057403 0.5150370330852685 0.657978125 0.5187203125 0.6598123131942597 0.5343973419147314
0 0.6822984375 0.4887359375 0.650315625 0.4887359375 0.650315625 0.5160546874999999 0.6822984375 0.5160546874999999
0 0.6899275954639966 0.4839547322354741 0.6886281249999999 0.4547546875000001 0.6682724393765065 0.45566056324374493 0.6695719098405031 0.4848606079792189
0 0.7049816181906834 0.461060798772223 0.7032413199017407 0.43439072749417684 0.6872953125000001 0.43543125000000005 0.6890356107889427 0.4621013212780462
0 0.7279406249999999 0.49040156250000005 0.7226297058526389 0.4695099543468412 0.7072843749999997 0.4734109375000001 0.7125952941473608 0.494302545653159
0 0.7984965998162259 0.5500274083710609 0.7982359375 0.5217187499999999 0.7609955876837741 0.522061654128939 0.76125625 0.5503703125
0 0.8808578125000001 0.42543750000000014 0.8634857956330577 0.4088009206429839 0.8025671874999999 0.4724124999999999 0.8199392043669423 0.48904907935701625
0 0.05614200307988361 0.2504657304386829 0.015193290863575782 0.21271061486026274 -0.039300274716307794 0.27181363442157985 0.001648437500000033 0.30956874999999995
0 0.9984375 0.09565781250000012 0.9716265625 0.0956578125000001 0.9716265625 0.15621562500000014 0.9984375 0.15621562500000014