0 0.1853851534334209 0.8550803433143592 0.16745906780487077 0.8382975839607504 0.14626453937144995 0.8609359906463911 0.1641906250000001 0.8777187500000002
0 0.22283125000000018 0.815325 0.2024845799418291 0.7966511422168917 0.1710533299418291 0.8308980172168917 0.19140000000000015 0.8495718750000002
0 0.20828750000000001 0.78295625 0.19139921875000004 0.7660679687499999 0.16817812499999998 0.7892890625 0.18506640624999995 0.8061773437500002
0 0.8347578125000001 0.8490453125 0.7968390625000001 0.8177218749999999 0.7557897672774402 0.8674143125947065 0.7937085172774403 0.8987377500947066
0 0.8911818757837487 0.9585695864938172 0.878503638743965 0.8975640183924696 0.8077763007710042 0.9122626431888886 0.820454537810788 0.9732682112902363
0 0.8797745219071536 0.7066401482411377 0.8578093271133485 0.6858320544002539 0.8441489596081262 0.7002520505566354 0.8661141544019311 0.7210601443975194
0 0.9408203125000002 0.7243000000000002 0.8754234375000001 0.6676968750000001 0.8670343319569083 0.6773892954549376 0.9324312069569084 0.7339924204549376
0 0.9562078124999998 0.7061640625000001 0.8968562500000001 0.6550562500000001 0.8877152615358705 0.6656716906068656 0.9470668240358702 0.7167795031068656
0 0.9190822527334174 0.8497947282433078 0.9039999999999999 0.8375062500000003 0.8938646222665827 0.8499458967566931 0.9089468750000002 0.8622343750000004
0 0.9325765625000001 0.833109375 0.9195610408704983 0.8211793796383773 0.9074719783704982 0.8343684421383774 0.9204874999999999 0.8462984375000001
0 0.9686884932383322 0.8762925139858864 0.9534593750000002 0.8638843750000001 0.9420771317616682 0.8778543610141141 0.95730625 0.8902625000000002
0 1.0077724666555343 0.8838499480342218 0.9721437500000002 0.8495953125 0.9607708892214832 0.8614243811186342 0.9963996058770173 0.895679016652856
0 1.007230271506548 0.8540503016837546 0.9858828125000001 0.8325593750000001 0.9770900409934521 0.8412934483162458 0.9984375 0.8627843750000002
0 0.8745312499999999 0.32879062500000017 0.837640625 0.29863437500000023 0.8233126038931111 0.3161620733592566 0.860203228893111 0.34631832335925655
0 0.8844859375 0.3765140625 0.8501451575417507 0.3465338779807524 0.8340420325417506 0.3649791904807524 0.8683828124999999 0.39495937500000006
0 0.9333796875000001 0.3627531250000001 0.913400229580365 0.3447468656191403 0.892026792080365 0.3684624906191402 0.9120062499999999 0.38646875
0 0.9099562500000001 0.3917375000000002 0.8926186717082512 0.3763274615420509 0.8738811717082513 0.39740871154205093 0.8912187500000002 0.4128187500000003
0 0.8900484374999997 0.4198453125 0.8379328125000001 0.37885625 0.8242544917372194 0.3962475781257114 0.8763701167372192 0.4372366406257114
0 0.822415625 0.3893953125000001 0.8054913410227783 0.3752172883633056 0.796065625 0.3864687500000001 0.8129899089772218 0.40064677413669453
0 0.6429265625 0.07432343749999996 0.5969721415797541 0.039770204494272265 0.5678362027023672 0.0785198404214241 0.6137906236226132 0.11307307342715181
0 0.5184042189827978 0.06213529156893301 0.5013495734159038 0.04861044582992102 0.4919219169331061 0.06049859176098802 0.5089765625 0.0740234375
0 0.48866249999999994 0.035342187500000045 0.46552879385771845 0.013051553335341604 0.44914531249999995 0.03005468750000011 0.4722790186422815 0.05234532166465855
0 0.5114812499999999 0.014470312500000127 0.48126581552049946 -0.010077905652000263 0.4721067945727658 0.0011955723507226512 0.5023222290522661 0.02574379050272304
0 0.3012366798231762 0.4523819474428499 0.24085354159816194 0.397252465972261 0.2233606469129544 0.4164123755080693 0.28374378513796866 0.4715418569786582
0 0.32104062179948734 0.4322866072715222 0.28428125000000004 0.4044703125000001 0.26925132713634997 0.4243324302694795 0.3060106989358372 0.45214872504100156
0 0.20223437500000005 0.3210921875000001 0.18102526011018488 0.3020348475035249 0.12603151011018487 0.36323797250352485 0.14724062500000004 0.3822953125000001
0 0.1896774091386269 0.2958661860421194 0.1423625 0.25235 0.07913292074172873 0.3210991728843847 0.12644782988035563 0.36461535892650415
0 0.13432500000000003 0.16157187500000006 0.08508750000000001 0.12237343750000003 0.07504666367111913 0.13498581978547436 0.12428416367111916 0.17418425728547435
0 0.14962187499999996 0.1424515625 0.10277499999999998 0.10325312499999999 0.0883619822792206 0.12047842484870279 0.13520885727922058 0.1596768623487028
0 0.16157187500000006 0.12811093750000002 0.11663750000000002 0.08986875000000001 0.10803367897306185 0.09997819576476766 0.15296805397306187 0.13822038326476765