0 0.6185499999999999 0.9672953124999999 0.57244375 0.9290984375000002 0.5578743289975581 0.9466847287108348 0.603980578997558 0.9848816037108346
0 0.6380671875000001 0.9465234375000001 0.6268500000000001 0.9362000000000001 0.6114457526648834 0.9529378676583627 0.6226629401648834 0.9632613051583627
0 0.6624640625 0.9322843750000003 0.6402535156313268 0.9114732491979634 0.6297836696071057 0.9226471284028065 0.6519942164757789 0.9434582542048433
0 0.6765343750000001 0.9162390625000004 0.6545079114857021 0.896875641229309 0.6452485364857021 0.9074084537293088 0.6672750000000002 0.9267718750000002
0 0.5406301546593155 0.9842577898223034 0.49518082748387726 0.947917652044856 0.4872100478245619 0.9578864247225527 0.532659375 0.9942265625000001
0 0.48013593749999994 0.9621453125000002 0.46714498594046444 0.952590838440883 0.4588906250000001 0.9638140625000002 0.4718815765595357 0.9733685365591173
0 0.5232812499999999 0.9984375 0.5013742267289715 0.9810172133489738 0.49329062500000004 0.9911828125 0.5151976482710288 1.008603099151026
0 0.4948750000000001 0.9984375 0.4554114848894658 0.9674488582674959 0.44762687497265186 0.9773624283340269 0.48709039008318616 1.008351070066531
0 0.3239921875 0.655025 0.27713671078199353 0.6104832994015135 0.2416375 0.6478265624999999 0.28849297671800644 0.6923682630984865
0 0.12573125000000002 0.6186734375000001 0.09100975995422558 0.5865686969181378 0.04983419783608247 0.6311003406661635 0.08455568788185693 0.6632050812480259
0 0.22889687499999994 0.49526875 0.18957287576274512 0.4555822404875471 0.1574666987783532 0.48739514857031085 0.19679069801560806 0.5270816580827639
0 0.17827343750000005 0.5591421875 0.16716866024893395 0.5483581905732224 0.15025459774893393 0.5657753780732223 0.16135937500000003 0.5765593750000001
0 0.16541250000000002 0.5097078125000001 0.15070511749543297 0.4951364936149457 0.10010937500000008 0.5462046875000002 0.1148167575045671 0.5607760063850545
0 0.0953733126537057 0.4382557176188805 0.06160000000000006 0.40736875 0.05249834221214296 0.41732094530545405 0.0862716548658486 0.44820791292433454
0 0.08304539019617477 0.4469721862389068 0.05265468750000004 0.42123906249999993 0.04386243050627554 0.4316226782256202 0.07425313320245026 0.4573558019645271
0 0.056568750000000036 0.44720624999999997 0.012559374999999994 0.4091625 0.0033299593539447337 0.41983917656837483 0.04733933435394477 0.4578829265683749
0 0.04608750000000006 0.460059375 4.4408920985006264e-17 0.4231718750000001 -0.009266561814184416 0.4347495820175866 0.036820938185815597 0.47163708201758664
0 0.03364218750000014 0.4725921875000001 1.3322676295501878e-16 0.44442656250000007 -0.009031529680076922 0.45521419511631755 0.02461065781992309 0.4833798201163176
0 0.330275 0.25499531250000007 0.3056068062590541 0.23375783865562177 0.2702671875 0.27480625000000003 0.29493538124094587 0.2960437238443783
0 0.2954375 0.22405468750000002 0.2803725595966605 0.21022693866252767 0.2421390625 0.25188125000000006 0.2572040029033395 0.2657089988374724
0 0.1519921875 0.08324843750000002 0.10653726041555009 0.0452671242460242 0.09180856377613464 0.06289399847538042 0.13726349086058454 0.10087531172935624
0 0.16053437499999998 0.050775000000000035 0.12684678951345543 0.023506323760364774 0.11098785338065645 0.043098373700903525 0.14467543886720097 0.07036704994053879
0 0.8258156249999999 0.46811250000000004 0.7865256882924718 0.4362154757039985 0.7665328124999998 0.4608421875000001 0.8058227492075278 0.4927392117960017
0 0.8562640625 0.43819999999999987 0.8164360890905245 0.4045262842701862 0.7966739214695083 0.42790021463292804 0.8365018948789837 0.4615739303627417
0 0.7710468750000002 0.41333906250000013 0.7462500000000001 0.39227187500000016 0.7380071896182695 0.40197397399562895 0.7628040646182697 0.423041161495629
0 0.7340247563639367 0.3983926614596038 0.7238171875 0.38916093750000014 0.7151721186360633 0.3987198385403965 0.7253796875 0.4079515625000002
0 0.719140625 0.4147984375 0.7092122400342304 0.40465801180447575 0.6987510774789445 0.4149004268821993 0.7086794624447141 0.4250408525777235
0 0.7303718749999998 0.4603218750000001 0.6864265624999998 0.42694687500000006 0.6794543018471983 0.4361273446095524 0.7233996143471983 0.4695023446095524
0 0.6054921875000001 0.47066406250000004 0.5633578124999999 0.436934375 0.5549837797626614 0.44739503033863287 0.5971181547626616 0.481124717838633
0 0.5931781249999999 0.48512812499999997 0.5493906249999999 0.4512593749999999 0.5411099976357072 0.46196505415007094 0.5848974976357072 0.495833804150071
0 0.5782984375000001 0.5009453125000002 0.5565025070865953 0.48435302946855135 0.5486493117793799 0.4946691323288097 0.5704452421927846 0.5112614153602586
0 0.5826765625 0.3082171875 0.5580649579291568 0.2885617895098648 0.540671875 0.31034062500000004 0.5652834795708432 0.3299960229901352
0 0.6131312499999998 0.29815 0.5754028379901296 0.27112642080640637 0.5624640624999999 0.2891906250000001 0.6001924745098701 0.31621420419359375
0 0.5468296875 0.2704250000000001 0.4975352786719963 0.23672704021644267 0.48643029321073616 0.2529717534534588 0.5357247020387399 0.28666971323701623
0 0.5637171875 0.25358281250000003 0.5152859015137108 0.21738153593194723 0.5036900151727561 0.23289490288704756 0.5521213011590455 0.26909617945510034
0 0.411365625 0.12146250000000003 0.394665108421295 0.10617716708047431 0.38621093749999996 0.11541406250000001 0.402911454078705 0.13069939541952574
0 0.42528125 0.13420312500000003 0.41477812500000005 0.12318124999999998 0.4069135512918377 0.1306756736555524 0.4174166762918377 0.14169754865555245
0 0.3445421875 0.08048437500000002 0.3354012508019982 0.07131675623685552 0.30085087946985556 0.10576656980340977 0.3099918161678573 0.11493418856655428
0 0.34241093749999996 0.1104609375 0.3321484375 0.09984687500000003 0.31360245713124235 0.11777856925320189 0.3238649571312423 0.12839263175320187
0 0.3939859375 0.05965468750000007 0.3840841140847882 0.05020169397048024 0.34189258623330004 0.09439648338811872 0.35179440964851183 0.10384947691763854
0 0.4132324041663896 0.07635110532971764 0.39582784895387574 0.06142324997737678 0.3613375 0.10163593750000002 0.37874205521251386 0.11656379285234089
0 0.37504375 0.04582187500000003 0.3658898042104123 0.037329464170472934 0.34638393128021144 0.0583547898366346 0.35553787706979917 0.0668472006661617