0 0.42415625000000007 0.8869171875000003 0.33104011328686 0.8278032123422164 0.3113502945918654 0.8588185491482143 0.40446643130500554 0.9179325243059981
0 0.49882656250000024 0.7995453125 0.4031140983764746 0.7390682609903643 0.38168171095512643 0.7729876826708416 0.47739417507865206 0.8334647341804775
0 0.290559375 0.68626875 0.21776307759229466 0.6420308277909259 0.19807174723303475 0.6744341566455535 0.2708680446407401 0.7186720788546275
0 0.20877656250000007 0.6278515625000001 0.14195785232332764 0.5897591735644057 0.1165317436847495 0.6343596785869249 0.18335045386142196 0.6724520675225193
0 0.5922937499999998 0.7106515625000001 0.5356362465148164 0.6773839060202558 0.5300040435508654 0.6869760021528347 0.5866615470360488 0.7202436586325789
0 0.6012336223227333 0.701651653115148 0.5425125 0.664425 0.5371288776772667 0.6729170968848522 0.5958500000000001 0.7101437500000002
0 0.9985609806277778 0.9974643082855543 0.9984375 0.9858843749999998 0.9244873968035536 0.9866729292119938 0.9246108774313313 0.9982528624975483
0 0.998817682083992 0.9777607844285215 0.9982374999999999 0.965040625 0.9470885679160078 0.9673735905714784 0.9476687499999998 0.98009375
0 0.9939906250000001 0.9596359375000002 0.9938806347377908 0.9473148016090127 0.9506478222377905 0.9477007391090126 0.9507578125 0.9600218750000001
0 0.9072589164880759 0.9293391924251282 0.8957514157613182 0.9218822902184917 0.8643628117732426 0.9703212227933637 0.8758703125000002 0.9777781250000004
0 0.8712375 0.9523015625000001 0.8604231502246151 0.9462928698062107 0.853740356010346 0.9583204568027505 0.8645547057857309 0.9643291494965398
0 0.8940125000000002 0.9198765625000002 0.8849714179321502 0.9143516074012661 0.8722339179321501 0.9351953574012661 0.8812750000000001 0.9407203125000002
0 0.8650625000000002 0.9766203125 0.842661443633375 0.9636961566823443 0.8310801936333749 0.9837695941823444 0.85348125 0.9966937500000002
0 0.86969375 0.9299125000000004 0.8409232530245658 0.9078258677647089 0.8106328125 0.9472828125000001 0.8394033094754342 0.9693694447352914
0 0.757003125 0.9970281249999999 0.7290703125 0.9804578125000003 0.7237604886049726 0.9894086584944752 0.7516933011049725 1.005978970994475
0 0.7180813636845803 0.9710373019511437 0.7042178082876716 0.9625840353918036 0.6983926946030913 0.97213735844066 0.71225625 0.9805906249999999
0 0.7279265625000001 0.9978609374999999 0.6996241856161978 0.9799685206672368 0.6949843750000001 0.9873078124999999 0.7232867518838024 1.0052002293327633
0 0.7753423264092844 0.8762181396912337 0.759280095674789 0.8665052525564103 0.7527156249999999 0.8773609375 0.7687778557344952 0.8870738246348235
0 0.7678921875 0.8880156250000002 0.7484934240833532 0.8786760590647272 0.743318585140534 0.8894244682591925 0.7627173485571808 0.8987640341944655
0 0.7541266819067545 0.8985906660677351 0.7308093853849995 0.8859033623462423 0.7252671874999999 0.8960890625 0.7485844840217549 0.9087763662214927
0 0.746903125 0.9106203125000001 0.7225961999775763 0.8955324164406949 0.7167836999775764 0.9048964789406948 0.741090625 0.919984375
0 0.7669234375000002 0.8266625 0.7491625000000001 0.816975 0.7437453722656311 0.82690669208977 0.7615063097656312 0.8365941920897699
0 0.762725 0.8386109375000002 0.7391575560712116 0.828254393591704 0.7339170739422766 0.8401796815861442 0.757484517871065 0.8505362254944402
0 0.7485171875000001 0.8499125000000001 0.7304343750000001 0.8402250000000002 0.7252303589465858 0.8499388835138975 0.7433131714465858 0.8596263835138973
0 0.7446421875000001 0.8673500000000004 0.7319316082362527 0.8580282251754422 0.7246218750000001 0.8679953125000001 0.7373324542637475 0.8773170873245583
0 0.7268812500000004 0.8815578125000002 0.7144460077654478 0.87603215244255 0.7092803827654478 0.8876571524425501 0.7217156250000004 0.8931828125000003
0 0.7236531249999999 0.8534640624999998 0.6887807484375001 0.8357229625 0.6840640081966738 0.8449943121810003 0.7189363847591735 0.862735412181
0 0.7106300210674158 0.862803528792135 0.6926640098314609 0.851574771769663 0.6868406250000001 0.8608921875000002 0.7048066362359551 0.8721209445224721
0 0.7073105698081698 0.875806371327115 0.6871625 0.8660578125 0.6821925551918303 0.8763295661728853 0.702340625 0.8860781250000003
0 0.6891646875000002 0.8662518750000002 0.6622984375000002 0.8528187500000002 0.6548071875000001 0.8678012500000001 0.6816734375 0.8812343750000003
0 0.7519375 0.7986828125000001 0.7372160490805468 0.7869664566112579 0.7268281249999998 0.8000187499999999 0.741549575919453 0.8117351058887421
0 0.7376222543136952 0.8157748004445582 0.7209322104050612 0.8040916069899422 0.7148078124999999 0.812840625 0.731497856408634 0.8245238184546156
0 0.648765625 0.8107640625000002 0.5835227457062653 0.7704909823458154 0.5669953125 0.797265625 0.6322381917937347 0.8375387051541846
0 0.6804093759875842 0.7716037823450832 0.65639375 0.7570843749999999 0.6487953115124159 0.7696524676549167 0.6728109375000001 0.784171875
0 0.643534375 0.7505171874999998 0.6246567730130146 0.7320325881715586 0.6046812500000001 0.7524328125 0.6235588519869855 0.7709174118284412
0 0.6551949797229784 0.7367594884788 0.6365406250000001 0.7235375000000002 0.6289060813777355 0.7343087607000169 0.6475604361007138 0.7475307491788168
0 0.6653093750000001 0.72595 0.6451546875 0.7132015625 0.6375476966337801 0.7252278617012957 0.6577023841337801 0.7379762992012957
0 0.6784031250000001 0.7185421875 0.6508390625 0.7009703124999999 0.6437354732353352 0.7121133338603014 0.6712995357353353 0.7296852088603014
0 0.6878781250000002 0.7063109375 0.6634156250000001 0.689428125 0.6559825003516752 0.7001984164848845 0.6804450003516752 0.7170812289848844
0 0.6992125 0.739746875 0.6870133507815532 0.7330166006661847 0.6807774132815533 0.7443197256661848 0.6929765625 0.7510500000000001
0 0.6963568076001548 0.7547254062296853 0.6764452050119212 0.7426848827924968 0.6699477724117663 0.7534297890628116 0.6898593749999999 0.7654703125000001
0 0.48867656249999997 0.3834515625 0.46397409969356673 0.3826801138310548 0.46358750000000015 0.395059375 0.4882899628064334 0.3958308236689452
0 0.5583265625 0.38420000000000004 0.507737739987408 0.37895411078909114 0.5064685374214707 0.39119368748606154 0.5570573599340627 0.39643957669697044
0 0.5094083679822231 0.37350124266481066 0.5091581707283321 0.3638315821301725 0.48124667774610896 0.36455377696536184 0.48149687499999994 0.3742234375
0 0.5111618944414608 0.35918270816003534 0.5100551255827444 0.3466669328993613 0.47476823114128364 0.34978734973932596 0.475875 0.36230312500000006
0 0.51523125 0.3443125000000001 0.5128372854737708 0.33188479798561094 0.4880187499999999 0.336665625 0.4904127145262291 0.3490933270143891
0 0.5773126937233629 0.3723705685780704 0.5751684182487408 0.3585302450600543 0.5511369745253779 0.3622534264819838 0.5532812500000001 0.3760937499999999
0 0.5714969283189073 0.358973707319658 0.5700995174979029 0.3465825322005635 0.5354088391789956 0.3504947623809056 0.5368062499999999 0.3628859375000001
0 0.60886867427572 0.32586473695141754 0.5575318900901391 0.313489369921894 0.5546328124999998 0.3255156250000001 0.6059695966855807 0.3378909920295236
0 0.5319537964684822 0.3337346442154503 0.531644528399565 0.32121519358533906 0.49490635693108276 0.3221227368698888 0.495215625 0.33464218749999997
0 0.5503125000000001 0.2785937500000001 0.5069686334289814 0.2782653873744621 0.5068655487804878 0.2918725609756099 0.5502094153515065 0.29220092360114786
0 0.5315278787108026 0.29710028818901935 0.5058195275880237 0.29071312020820467 0.5029687500000001 0.3021875000000001 0.528677101122779 0.30857466798081473
0 0.582596875 0.204565625 0.5714533494468084 0.19360252191501442 0.5574017869468084 0.20788533441501436 0.5685453125000001 0.2188484375
0 0.6262138752239592 0.15353665016986504 0.5990275408877576 0.12885422453825587 0.561341174227299 0.17036368472015287 0.5885275085635007 0.19504611035176203
0 0.6035609375 0.11403125000000007 0.5824832278746983 0.09175741172374682 0.5235972776577512 0.1474811241925601 0.5446749872830529 0.16975496246881333
0 0.3208787206981525 0.010785707787001431 0.26299284234416814 -0.03214095126506518 0.22693124999999997 0.016487500000000023 0.2848171283539843 0.05941415905206663
0 0.2629453125 0.09719375 0.19764649687820937 0.04701796384713295 0.174428125 0.07723437500000001 0.2397269406217905 0.12741016115286705