0 0.8200015625000002 0.976609375 0.7623703124999999 0.9221109374999997 0.7433898492925841 0.942182482124052 0.8010210992925846 0.9966809196240523
0 0.7608032552000572 0.9687799952725327 0.7147609374999999 0.9227359375 0.6947145359884275 0.9427815814286576 0.7407568536884848 0.9888256392011903
0 0.7842953125000001 0.8049671875000002 0.7366179859565378 0.7617991834009545 0.71851875 0.7817890625000002 0.7661960765434622 0.8249570665990458
0 0.705990625 0.7410703125000002 0.6802802784377351 0.7166042652061267 0.6063615284377352 0.7942823902061267 0.6320718750000001 0.8187484375000003
0 0.8006576172467487 0.6647172360009869 0.7680078124999999 0.6333249999999999 0.7560298827532512 0.645782763999013 0.7886796875 0.677175
0 0.8006576172467487 0.6647172360009869 0.7680078124999999 0.6333249999999999 0.7560298827532512 0.645782763999013 0.7886796875 0.677175
0 0.8174953125 0.6489859375000002 0.7836687499999999 0.6164109375000001 0.7719601590205445 0.6285693836873673 0.8057867215205444 0.6611443836873673
0 0.8336584388146309 0.633791358789705 0.8012078125000001 0.602003125 0.7875509361853694 0.615944578710295 0.8200015625000002 0.6477328125
0 0.8487997662019169 0.6158939551894967 0.819375 0.5844625000000001 0.8074700686081634 0.5956073808444515 0.8368948348100801 0.6270388360339483
0 0.8703240489034844 0.5966081811617822 0.8387953125 0.5637906250000001 0.8260461601913033 0.5760390892222349 0.8575748965947877 0.608856645384017
0 0.8855871846938811 0.5786449259704689 0.8557078125000002 0.5481296875 0.8433690653061191 0.5602113240295312 0.8732484375000003 0.5907265625000001
0 0.534756813506067 0.5606575568092447 0.4961468749999999 0.5192484375000002 0.4597170480116878 0.5532156747479408 0.4983269865177548 0.5946247940571853
0 0.6518109374999999 0.4543421875 0.6105578125 0.4103390625 0.5980240075681597 0.42208956025621214 0.6392771325681597 0.4660926852562121
0 0.6672229270467481 0.4384020657074118 0.6276093750000001 0.3949374999999999 0.6149473854532521 0.406477621792588 0.6545609375000001 0.4499421874999999
0 0.6848140625000001 0.4202390625 0.6442726477992637 0.3776766228653116 0.6327226477992637 0.38867818536531173 0.6732640625000001 0.43124062500000004
0 0.6020309079300565 0.43591376958762273 0.5932293455687729 0.4271137697263144 0.5808531251387163 0.4394921876386916 0.5896546874999999 0.4482921875
0 0.584296875 0.4537328125000001 0.5747928011566005 0.44381520671879204 0.5574803011566005 0.46040583171879207 0.5669843750000001 0.4703234375000001
0 1.043787689087366 0.27732568731578117 0.9984374999999999 0.22994375000000017 0.9173297897424199 0.30757354322923336 0.962679978829786 0.35495548054501436
0 0.35553640862356606 0.23826386919417172 0.33612031249999996 0.21612968750000014 0.3156198413764339 0.23411269330582848 0.3350359375 0.2562468750000001
0 0.3849125 0.20817812500000005 0.3757177779802632 0.1976132024769081 0.3562005904802632 0.21459913997690805 0.3653953125 0.22516406250000004
0 0.4091265625 0.18179375000000006 0.39857225107063193 0.17183774578461333 0.38050193857063197 0.19099399578461335 0.39105625 0.2009500000000001
0 0.4057260080334418 0.12012285633253261 0.39467031249999995 0.10987187500000004 0.37602555446655817 0.1299802686674675 0.38708124999999993 0.14023125000000008
0 0.39250156249999996 0.15757968750000004 0.38183906249999994 0.14691718750000002 0.36232343749999996 0.1664328125 0.3729859375 0.17709531250000002
0 0.3755984952895224 0.15031365262417296 0.3657562499999999 0.13986875000000001 0.34615619221047744 0.15833790987582705 0.35599843749999993 0.1687828125
0 0.3505466498217614 0.17783933202165883 0.33909605848108393 0.16610984078645408 0.2936457785609146 0.210479419248923 0.3050963699015921 0.22220891048412775
0 0.22739062499999996 0.10903750000000004 0.138325314441451 0.020664260519371914 0.12526761465724065 0.03382421814111245 0.21433292521578964 0.12219745762174057
0 0.25504361328571523 0.08136614432422316 0.1661150602274853 -0.006215458347861735 0.14149312028732103 0.018785151661109244 0.23042167334555103 0.10636675433319413