0 0.7022239768497235 0.6524155905720704 0.6486573658159625 0.6143843675760878 0.6331609375 0.6362109375000001 0.6867275485337612 0.6742421604959827
0 0.7175265625 0.6276203125 0.6632050317769256 0.5922450442639915 0.6504270315677425 0.6118666772735765 0.704748562290817 0.6472419455095849
0 0.92188125 0.35865312500000013 0.8648859375000001 0.3200515625000001 0.8577326171794306 0.33061345949791204 0.9147279296794306 0.369215021997912
0 0.9125765625 0.3707718750000002 0.8568330647582133 0.3335448694907488 0.849864442665649 0.34397964297215855 0.9056079404074356 0.38120664848140995
0 0.8201109375 0.2534281250000001 0.7984657156873437 0.23525461323728108 0.7748031249999999 0.26343750000000005 0.7964483468126563 0.2816110117627191
0 0.791659375 0.23261562500000013 0.7718610087843649 0.21846055478978849 0.7503719462843648 0.24851680478978846 0.7701703125 0.2626718750000001
0 0.4110453125000001 0.2933890625 0.3819920618835172 0.273404689237094 0.37545624193058524 0.2829064540699798 0.40450949254706814 0.30289082733288575
0 0.42111093750000006 0.28114062500000003 0.39749755088931693 0.26414658397629526 0.3907078662357995 0.27358091736789353 0.4143212528464827 0.2905749583915983
0 0.433571875 0.2677859375000001 0.4183107222396356 0.257148627199435 0.4114234374999999 0.2670296875000001 0.42668459026036426 0.2776669978005653
0 0.4446093749999999 0.25538125 0.42924208850862045 0.244623484781013 0.4225227056276915 0.2542220100950123 0.437889992119071 0.26497977531399924
0 0.47457031250000004 0.26125781250000013 0.4568546875 0.24912500000000012 0.4504643349328171 0.2584558200137438 0.4681799599328172 0.27058863251374377
0 0.4814109374999999 0.2466328125 0.4700064076125279 0.23767718496286094 0.4633095326125279 0.24620530996286094 0.4747140624999999 0.2551609375
0 0.4944171875 0.23487812500000013 0.4822093464749379 0.22656726534808308 0.4759413778200316 0.23577429904784225 0.4881492188450937 0.2440851586997593
0 0.4673874999999999 0.19562031250000014 0.44571718749999995 0.1800937500000001 0.43942781424753985 0.18887178337409374 0.4610981267475399 0.20439834587409375
0 0.46843593749999995 0.22202968750000007 0.45278268112102227 0.21055920272450157 0.44623058808635435 0.2195005503743975 0.46188384446533215 0.230971035149896
0 0.4588875 0.2353296875 0.44206323822233545 0.22430098538721585 0.4368096798308498 0.23231527761659304 0.45363394160851434 0.24334397972937719
0 0.43689375 0.11025625000000008 0.4229492704742399 0.10131034939822499 0.4153597473765272 0.1131405668528364 0.4293042269022873 0.12208646745461149
0 0.4514718869452411 0.09008211703854996 0.4393671875 0.08102343750000003 0.42986248805475896 0.09372413296145014 0.44196718749999997 0.10278281250000007
0 0.5080125000000001 0.057715625000000007 0.459107326342236 0.024705069533607404 0.44185312500000007 0.05026718749999996 0.4907582986577642 0.08327774296639257
0 0.413040625 0.031781250000000004 0.3666536426049835 -0.005474447905188096 0.31767534751952253 0.05550831284322384 0.364062329914539 0.09276401074841194
0 0.2425136951430426 0.3749027220350345 0.20941875 0.368421875 0.19648161735695743 0.43448634046496554 0.22957656250000005 0.44096718749999997
0 0.10288749999999999 0.28899375000000005 0.05704398501952035 0.25081233216262067 0.006231818031820602 0.31182128548155086 0.05207533301230025 0.35000270331893024
0 0.3107203125000001 0.9895109375000001 0.2593618819589338 0.954950005488304 0.2522718750000001 0.9654859375000001 0.3036303055410664 1.0000468695116962
0 0.273140625 0.9856671875 0.24790209839641092 0.9683848012557927 0.24095312499999996 0.9785328124999999 0.2661916516035891 0.9958151987442074
0 0.2609687500000001 0.9984375000000002 0.23881812278387654 0.9840050215998041 0.2328250000000002 0.9932031250000002 0.25497562721612377 1.0076356034001963