0 0.25727656250000003 0.4184046875 0.24464469170104616 0.3915641023876942 0.21342968750000005 0.4062546875 0.22606155829895389 0.43309527261230574
0 0.24407031250000003 0.4870828125000001 0.2359191892997181 0.45936835072260446 0.17562609570283044 0.4771012021841183 0.18377721890311233 0.5048156639615139
0 0.279465625 0.5039875000000001 0.2687705809153092 0.4742596843452752 0.18173125 0.5055734375000002 0.19242629408469086 0.5353012531547251
0 0.2974265625 0.4796875000000001 0.28589824962963095 0.44856173719693465 0.2546359375 0.4601406249999999 0.26616425037036906 0.49126638780306536
0 0.04067812500000003 0.4368953125 0.01973811064828026 0.4194442683005434 0.006530298148280256 0.43529270580054336 0.027470312500000028 0.45274374999999994
0 0.05919631247086339 0.49489074583575154 0.020075000000000155 0.4659515625000001 0.006311500029136896 0.4845576916642484 0.04543281250000013 0.5134968750000001
0 0.7041343992277953 0.7042046989912917 0.6589999999999998 0.6756328125000001 0.6490850700998647 0.6912952156305983 0.6942194693276602 0.71986710212189
0 0.6971763632405137 0.7211343085591198 0.6526640624999999 0.6918703125000001 0.6430017617594862 0.7065672539408803 0.6875140624999999 0.73583125
0 0.7194739015202603 0.7262978766276602 0.7019207967344825 0.7160072196859029 0.6946219808681098 0.7284570448466919 0.7121750856538875 0.7387477017884493
0 0.8324841682300177 0.6548715061174145 0.8140551728745689 0.644991735575018 0.7914600671445512 0.6871389794576036 0.8098890624999999 0.6970187500000001
0 0.8513247769459907 0.6755309774563685 0.834046875 0.663753125 0.8092323607446709 0.7001555800086072 0.8265102626906616 0.7119334324649758
0 0.8011765624999999 0.7041484375 0.7867573574750402 0.691000826327323 0.7801519332413622 0.6982451055390609 0.794571138266322 0.7113927167117381
0 0.9467820735438124 0.7160504222788463 0.9104812499999999 0.6906828125000002 0.8872491764561875 0.723927702721154 0.92355 0.7492953125000001
0 0.9699657644575485 0.8194451758540001 0.9536484375000001 0.8041812500000003 0.9369223137794966 0.8220616846988064 0.953239640737045 0.8373256105528062
0 1.0192124658956117 0.7919488281280749 0.9780875 0.7560750000000003 0.9463472234307726 0.7924613534933209 0.9874721893263843 0.8283351816213955
0 0.9567136569877001 0.7795296840364163 0.919690625 0.751959375 0.9119422844005802 0.7623643023254428 0.9489653163882803 0.7899346113618592