0 0.34942187500000005 0.9294124999999998 0.27930000000000005 0.8818734374999998 0.24366626423514157 0.9344345153522701 0.31378813923514154 0.98197357785227
0 0.26500356188781427 0.8657137503018081 0.2374609375 0.8445984375 0.21196987561218572 0.877848749698192 0.23951250000000002 0.8989640624999999
0 0.24310312499999998 0.996003125 0.19113647805206768 0.9591068689945903 0.17950624999999992 0.9754874999999998 0.23147289694793222 1.0123837560054096
0 0.3410343749999999 0.7288734375000001 0.3306131511821123 0.7219270538921895 0.3273209636821123 0.7268661163921895 0.3377421874999999 0.7338125
0 0.3576234710497129 0.7346223164813516 0.34432812500000004 0.7274624999999999 0.33855777895028716 0.7381776835186482 0.35185312500000004 0.7453375
0 0.34479843749999994 0.7220531249999999 0.33197004677230085 0.7138434321429086 0.32842087777620416 0.7193893310496182 0.34124926850390325 0.7275990239067094
0 0.3499725431174619 0.7170394128914668 0.33774218750000007 0.7086468750000001 0.33397901938253827 0.7141308996085336 0.34620937500000004 0.7225234375000001
0 0.35208906250000005 0.7124093750000002 0.3430712353441793 0.7048167429051693 0.340954751841886 0.7073305065333084 0.34997257899770673 0.7149231386281393
0 0.3631437500000001 0.7281687500000003 0.3518657026584239 0.7203986515436764 0.34886201644257564 0.7247584052240185 0.36014006378415186 0.7325285036803422
0 0.944803125 0.43514218750000017 0.8787912015974104 0.38539520165611485 0.8422582919172699 0.4338726640504637 0.9082702153198594 0.483619649894349
0 0.8469885183771506 0.3567833001091323 0.8190737235824284 0.3407582376887615 0.7903746054255227 0.39075055429410105 0.8182894002202451 0.4067756167144719
0 0.7710168702778145 0.3295352624995621 0.7559363844673561 0.32033953958614253 0.7428703124999998 0.3417671874999999 0.7579507983104583 0.3509629104134195
0 0.7721641228958414 0.29816243387102614 0.7455406155117549 0.27846248533655144 0.7231468051159137 0.30872661396552536 0.7497703124999999 0.32842656250000013
0 0.3001859375 0.18630625000000006 0.2506594577570197 0.14026937999126812 0.21596124543949732 0.17759772809867536 0.26548772518247765 0.22363459810740727
0 0.14375489833542582 0.1702846596797985 0.10558906250000002 0.1627453125 0.10319978916457424 0.17484034032020151 0.14136562500000002 0.1823796875
0 0.15314687500000002 0.19023437500000004 0.09234980988833368 0.17286556237421752 0.08798730988833367 0.1881358748742175 0.14878437500000002 0.20550468750000003
0 0.14969293679060094 0.20928660067364674 0.09013071972631168 0.19019073993364546 0.08508125000000002 0.20594062500000004 0.14464346706428927 0.22503648574000126
0 0.13918437500000005 0.2277562500000001 0.08857187500000002 0.21335781250000005 0.08432193183797895 0.22829695074245113 0.13493443183797899 0.24269538824245113
0 0.106025 0.11998750000000002 0.041596559347248305 0.07288742977719313 0.010035937500000014 0.11605937500000003 0.07446437815275168 0.1631594452228069
0 0.356865625 0.11340312500000005 0.2966453026566517 0.06957477994681598 0.26268635966726317 0.11623450416818024 0.32290668201061157 0.16006284922136432
0 0.2901875 0.007078125000000046 0.2606373535252281 -0.01709732672175186 0.2453625 0.00157343750000003 0.2749126464747719 0.025748889221751937