0 0.13497656250000012 0.8612781249999999 0.09987873854826508 0.820780707947393 0.0302855124074906 0.8810949446837567 0.06538333635922564 0.9215923617363636
0 0.17996875000000007 0.8979140624999999 0.16338349618914355 0.8789966550215098 0.11488962257650956 0.921512163716432 0.13147487638736605 0.9404295711949221
0 0.20117499999999994 0.9421156249999999 0.19220917960304823 0.9330091905415576 0.1827229040949593 0.9423489867954778 0.191688724491911 0.9514554212539199
0 0.21381718749999998 0.9272734375000002 0.20479125083446115 0.9190999907496135 0.1959975008344612 0.9288109282496133 0.20502343750000004 0.9369843750000001
0 0.22407812500000013 0.9360687500000001 0.21814195607429349 0.929585723501582 0.2024578125 0.943946875 0.20839398142570667 0.9504299014984181
0 0.20832031250000008 0.9699640625000001 0.1772726928748562 0.9446311671903093 0.16829232778460837 0.95563736904795 0.19933994740975222 0.9809702643576408
0 0.19641093750000013 0.9833390625 0.16328811532216028 0.9579755681101172 0.15537031250000002 0.968315625 0.18849313467783987 0.9936791193898828
0 0.1846859375 0.9970812500000001 0.1483554161220586 0.9702117682791107 0.14090444647008882 0.9802863061894133 0.17723496784803022 1.0071557879103026
0 0.27482812500000003 0.9802921874999999 0.2624975823588956 0.9656780784713703 0.24335851985889562 0.9818265159713702 0.25568906250000006 0.996440625
0 0.25479218750000016 0.9984375000000002 0.2415452751373794 0.9894953699140053 0.23625156250000004 0.9973375000000002 0.24949847486262078 1.006279630085995
0 0.30716250000000006 0.8590390625000002 0.279680843313105 0.849832277917222 0.2674546875000001 0.8863265625000001 0.2949363441868952 0.8955333470827782
0 0.4629234375000001 0.542521875 0.4227199461281604 0.49987593610250824 0.3466484375 0.571590625 0.3868519288718398 0.6142365638974919
0 0.4433301413972555 0.42291013659057486 0.42249284382836 0.40802707407590333 0.4154502024311045 0.4178872499853285 0.43628750000000005 0.4327703125000001
0 0.4624093750000001 0.40489062500000006 0.44413100326867355 0.3891315826341948 0.4307609375 0.4046390625000001 0.44903930923132657 0.4203981048658053
0 0.48576874999999997 0.4249843750000002 0.4633747760799237 0.40837711538638377 0.4519213541136956 0.4238214234043693 0.47431532803377185 0.44042868301798566
0 0.5023453125 0.4887828125000001 0.4684375000000001 0.46492031250000004 0.4626102742609275 0.4732006049151137 0.49651808676092746 0.49706310491511374
0 0.514988936039696 0.469255125740952 0.4827546875000001 0.4445765625000001 0.47153867757976586 0.4592265098191608 0.5037729261194618 0.4839050730601128
0 0.521434375 0.4398031250000001 0.5027489494670399 0.4261003074091301 0.4944598869670398 0.43740343240913016 0.5131453125000001 0.45110625000000015
0 0.5375093749999998 0.45286406250000005 0.5223819265162996 0.4427785159129984 0.5151546875 0.45361875000000007 0.5302821359837003 0.4637042965870018
0 0.5420312500000001 0.41368125000000006 0.521489298812804 0.39767485807880887 0.508625 0.41418437500000005 0.5291669511871959 0.43019076692119124
0 0.5591109375000001 0.4390500000000001 0.5360576666879372 0.4228071080034053 0.52503995998942 0.43844435882684507 0.5480932308014828 0.4546872508234399
0 0.5671484375000001 0.4069 0.5514532311852492 0.39661664356748033 0.54448482409047 0.40725233316507736 0.560180030405221 0.41753568959759696
0 0.5636312499999999 0.35540937500000014 0.5327374999999999 0.3295390625000001 0.5201891490454895 0.34452402324606385 0.5510828990454896 0.37039433574606395
0 0.5847296875 0.39760624999999983 0.5476098996455766 0.36905306390168724 0.5400377286913984 0.37889705743882646 0.5771575165458217 0.4074502435371391
0 0.5952796874999999 0.382034375 0.5781021042631306 0.3703225336111674 0.5714226768203304 0.38011915030568055 0.5886002600571999 0.39183099169451313
0 0.62793125 0.38253593750000003 0.6164553131103877 0.37360967993868954 0.6044725966907185 0.38901511681452805 0.6159485335803309 0.39794137437583854
0 0.5297234375 0.36244218750000007 0.5181878489110697 0.35475285819728775 0.5116577367929309 0.36454938060761877 0.5231933253818611 0.37223870991033114
0 0.6075875 0.39911406250000003 0.6001190706087656 0.39057833534293696 0.5879203151103892 0.4012517721133671 0.5953887445016236 0.4097874992704302
0 0.7085578125 0.5723468750000001 0.6576601299195822 0.532734015471146 0.6486463602874954 0.5443156076875015 0.6995440428679133 0.5839284672163557
0 0.6965359375 0.5833453125000002 0.6456372663522495 0.5437333056981623 0.6366224151430401 0.5553167619325018 0.6875210862907906 0.5949287687343399
0 0.6827328125000001 0.5953656250000001 0.6318341413522495 0.5557536181981622 0.62281929014304 0.5673370744325018 0.6737179612907906 0.6069490812343397
0 0.6695640625000001 0.6059921875 0.6186653913522495 0.5663801806981621 0.6096505401430401 0.5779636369325017 0.6605492112907908 0.6175756437343396
0 0.7750109375 0.5033062500000001 0.7653419753446605 0.49330920812797646 0.7491621448162471 0.5089580541628055 0.7588311069715866 0.5189550960348291
0 0.7571609375000001 0.5202296875000002 0.7467713436749069 0.5108128529071878 0.7333244686749069 0.5256487904071878 0.7437140625 0.5350656250000002
0 0.8767875 0.5598921874999999 0.8180860286188067 0.5143277192437709 0.806996875 0.5286140625 0.8656983463811934 0.574178530756229
0 0.9231203125 0.589021875 0.8959069061076264 0.5622235602243497 0.8497443358179424 0.6091011641306646 0.876957742210316 0.635899478906315
0 0.7891375 0.63820625 0.78868125 0.625190625 0.7364163715036751 0.6270227191801835 0.7368726215036752 0.6400383441801835
0 0.7908403257770573 0.6499256500217001 0.7902639389595231 0.6392858527315001 0.7326189256824658 0.6424086402098 0.7331953125 0.6530484375000001
0 0.7898234375000002 0.6656062500000002 0.7893012780936911 0.6524011886255383 0.731530965593691 0.6546855636255382 0.732053125 0.6678906250000002
0 0.7905078125 0.6779375 0.7903742342034301 0.6678651474867199 0.7387695467034301 0.66854952248672 0.738903125 0.6786218749999999
0 0.15421406249999997 0.4564953125 0.12708145147488803 0.432344270432721 0.1181951303577293 0.4423276530811563 0.14532774138284127 0.4664786951484354
0 0.14244062500000004 0.46735156250000004 0.11530801397488799 0.44320052043272096 0.1064224688440873 0.4531830312953363 0.13355507986919934 0.47733407336261535
0 0.12955 0.47792812500000004 0.10241738897488797 0.45377708293272095 0.09353184384408728 0.4637595937953363 0.12066445486919933 0.4879106358626154
0 0.16482968750000002 0.28496093750000007 0.14450167169963918 0.26749124359274246 0.13717187500000003 0.27602031250000003 0.15749989080036086 0.2934900064072576
0 0.16203593750000006 0.3003265625000001 0.13553348171798726 0.27623178744665833 0.12650746761498635 0.2861597298791165 0.15300992339699912 0.3102545049324582
0 0.15840468750000006 0.3170890625 0.121830134401682 0.28716611880413856 0.1142498229208602 0.29643146741338827 0.15082437601917825 0.32635441110924973
0 0.14746875000000007 0.3268265625000001 0.11089893975970291 0.2969013008321775 0.10331822460093651 0.30616522366496995 0.13988803484123366 0.3360904853327925
0 0.1359359375 0.3354078125 0.09936193737836278 0.3054841940307127 0.0917814385247745 0.31474942264194394 0.1283554386464117 0.34467304111123126
0 0.12487968750000004 0.35927343750000007 0.07808352275129651 0.3218039064918775 0.07042014472757578 0.3313747949145772 0.11721630947627933 0.3688443259226998
0 0.09191406250000007 0.3609500000000001 0.06562510887230548 0.33833530233999626 0.05789774889377319 0.3473181422255552 0.08418670252146779 0.369932839885559
0 0.08017968750000007 0.37044843750000006 0.054598937431716954 0.34779038418768093 0.04593799993171697 0.3575685091876809 0.07151875000000008 0.38022656250000003
0 0.10783750000000006 0.3746390625000001 0.09692548930943226 0.36405811111682407 0.08856093750000005 0.37268437500000007 0.09947294819056784 0.3832653263831761
0 0.09582500000000001 0.38553437500000004 0.08490590953178137 0.37431334292803076 0.07710625000000002 0.381903125 0.08802534046821867 0.3931241570719693
0 0.48029838786376 0.009275197828301041 0.47997500000000015 -2.7755575615628915e-18 0.45859843750000007 0.0007453124999999977 0.45892182536375997 0.01002051032830104
0 0.5177578125 0.005717187500000031 0.4997394991606029 -0.01300959890179918 0.48544375000000006 0.0007453125000000061 0.5034620633393972 0.01947209890179922
0 0.49787187499999985 0.021128125000000074 0.4772691518201194 0.004320460920334135 0.46641408286932506 0.017626532461964838 0.48701680604920544 0.03443419654163078
0 0.9094045783904097 0.03924028653017071 0.9090875000000003 -2.7755575615628915e-18 0.8172375000000001 0.0007421874999999995 0.8175545783904095 0.03998247403017072
0 0.7243984375 0.0505046875000001 0.7067130870375002 0.037310657757039234 0.6995200486782294 0.046952246168781284 0.717205399140729 0.06014627591174215
0 0.9544593961889067 0.3554832210148198 0.8869684411015889 0.34689874325070136 0.8854246699126822 0.35903583473588174 0.9529156249999999 0.36762031250000016
0 0.9079171875000002 0.9525140625000003 0.8636577491390538 0.9178765261006987 0.851399671534991 0.9335397541053222 0.8956591098959373 0.968177290504624
0 0.8919499999999999 0.9675640625000002 0.8499034779668383 0.934369605112954 0.841315543588194 0.9452477094862438 0.8833620656213557 0.97844216687329