0 0.7947762384988108 0.7261772681606711 0.7653060969890377 0.7034292017702696 0.724782983490227 0.7559269336095987 0.754253125 0.7786750000000001
0 0.7293624999999999 0.6598546875000001 0.7182016543768055 0.6503540518034322 0.6682340375961363 0.7090533720235994 0.6793948832193307 0.7185540077201673
0 0.711046875 0.6180562500000001 0.6986439038438566 0.6068934172522266 0.642946875 0.6687781250000001 0.6553498461561433 0.6799409577477736
0 0.8477640624999999 0.7541671875000003 0.8236107193005247 0.737958528727724 0.8159113813128893 0.7494317021368772 0.8400647245123647 0.7656403609091533
0 0.8614062499999999 0.7392546875000001 0.8394131686587691 0.7212131408492457 0.8292616061587692 0.7335881408492457 0.8512546875 0.7516296875000001
0 0.6959504106275288 0.6077519458222492 0.6841031685259654 0.5969727970500496 0.6300561976247188 0.6563752195098479 0.6419034397262822 0.6671543682820475
0 0.2386509924185642 0.5796440699885338 0.20758437500000007 0.5489984375000001 0.13288584834869624 0.6247231121359295 0.16395246576726036 0.655368744624463
0 0.1196386927212754 0.551446240396342 0.04437343750000006 0.5381078125000001 0.04191911977872478 0.551956884603658 0.11718437500000012 0.5652953125
0 0.1381203125000001 0.5359203125 0.07874687500000006 0.5262343750000001 0.07605746939213376 0.5427200539310071 0.1354309068921338 0.5524059914310071
0 0.06851270968934922 0.5230594282544379 0.00888821893491134 0.507916700443787 0.0037005207100592854 0.5283432622041421 0.06332501146449716 0.5434859900147929
0 0.08437187500000001 0.506546875 0.04121296459256988 0.5006296890092237 0.0391441764145858 0.5157190648991731 0.08230308682201594 0.5216362508899494
0 0.1553078125000001 0.520921875 0.09649033974762991 0.5099715223505521 0.09361599141084151 0.5254104685098244 0.15243346416321168 0.5363608211592724
0 0.12030937500000005 0.4927968750000001 0.07593593750000002 0.4849843750000001 0.0735694421754679 0.49842559514427764 0.11794287967546793 0.5062380951442776
0 0.08718437500000006 0.46779843750000005 0.07085349932510818 0.46559983898621515 0.06874843750000006 0.4812359375 0.08507931317489195 0.48343453601378483
0 0.327759758749426 0.5714381337219955 0.29858301501916007 0.5659677178834207 0.29402500000000004 0.5902781250000001 0.323201743730266 0.5957485408385749
0 0.35456645460440417 0.549106707412762 0.2975707074098467 0.5412839766974946 0.29434375000000007 0.5647953125 0.35133949719455754 0.5726180432152674
0 0.3488156250000001 0.5237015625 0.3003508149068135 0.5170163370888035 0.2978023774068135 0.5354913370888036 0.3462671875000001 0.5421765625000001
0 0.34053281250000006 0.4988546875 0.29945243817995826 0.4978438645230031 0.2990437606073445 0.5144527347616474 0.34012413492738625 0.5154635577386444
0 0.3262459302269779 0.4773372256595976 0.298484375 0.47528125 0.297399891691941 0.4899248782496211 0.3251614469189189 0.49198085390921864
0 0.20928906249999998 0.4752812500000001 0.13046399795248848 0.4118995793475004 0.11705377444619207 0.4285772989878659 0.1958788389937036 0.4919589696403655
0 0.25770937499999996 0.41762343749999997 0.16825733405552648 0.35597347035061944 0.12920342171514704 0.41263939131127003 0.21865546265962052 0.47428935846065057
0 0.5345312500000001 0.32970312500000004 0.48146214712319574 0.289037547314621 0.45859063697024416 0.3188851627756763 0.5116597398470486 0.35955074046105534
0 0.4974453125 0.17877343750000005 0.48183437500000004 0.17877343750000005 0.48183437500000004 0.19261562500000004 0.4974453125 0.19261562500000004
0 0.5157264550224869 0.161443963548916 0.48654687500000016 0.1599250000000001 0.4859360449775133 0.1716591614510842 0.5151156250000001 0.1731781250000001
0 0.5017375081895533 0.15284879026643364 0.5010119840275669 0.13628361746804488 0.4588625000000001 0.13812968750000004 0.4595880241619866 0.1546948602983888
0 0.48302490779892826 0.11775573954194192 0.43500625 0.11604062500000005 0.4342809505382047 0.13634708605901505 0.48229960833713303 0.13806220060095692
0 0.49715 0.12811562500000004 0.4844859375 0.12811562500000004 0.4844859375 0.13930781250000004 0.49715 0.13930781250000004