0 0.28961406250000016 0.6648359375000001 0.23310586506570058 0.6214698105205265 0.20798243591544577 0.6542068749884052 0.2644906333497453 0.6975730019678787
0 0.5257968749999999 0.8087312499999999 0.4868003603410287 0.7781168569319477 0.43579879784102876 0.8430824819319478 0.4747953125000001 0.873696875
0 0.6310363988214863 0.9065181167469036 0.5925843750000002 0.9058765624999999 0.5923819876818748 0.9180067946904676 0.6308340115033609 0.9186483489373714
0 0.6301899091673262 0.9241824110677396 0.5634406250000001 0.9216625 0.562871028332674 0.9367504014322607 0.6296203125000001 0.9392703125000003
0 0.6308343750000002 0.9429140625000001 0.5774046875000002 0.9429140625000001 0.5774046875000002 0.956878125 0.6308343750000002 0.956878125
0 0.6769796875000001 0.9228765624999999 0.6381203125000001 0.9228765624999999 0.6381203125000001 0.9374484375 0.6769796875000001 0.9374484375
0 0.6788000000000001 0.9538421875 0.6779333089110576 0.9393220443207111 0.6372536214110575 0.9417501693207113 0.6381203124999999 0.9562703125000003
0 0.8197984375 0.7012859375 0.7793140625 0.66733125 0.7729521630007028 0.6749165804508211 0.8134365380007029 0.7088712679508211
0 0.8870546875 0.7313218750000001 0.8299187499999998 0.68659375 0.8217256959586828 0.6970595994770084 0.8788616334586831 0.7417877244770084
0 0.8677921874999999 0.6941031250000002 0.8495958091634535 0.677303633586565 0.8417598716634535 0.685791133586565 0.85995625 0.7025906250000002
0 0.8100809360517541 0.5617810658477163 0.770882535135916 0.5254870549479995 0.7422169725798897 0.5564465489717898 0.7814153734957279 0.5927405598715065
0 0.7310187499999998 0.6314203125000002 0.7141327428580136 0.62037896324062 0.7075281249999998 0.6304796875000003 0.7244141321419861 0.6415210367593804
0 0.7441734375000002 0.6185781250000002 0.7275275740570506 0.6059280659513174 0.7200193598556033 0.6158079177225012 0.7366652232985529 0.628457976771184
0 0.7106609375000001 0.6057375000000002 0.6930042499185826 0.5923314662603538 0.6855323508396298 0.6021724818984682 0.7031890384210475 0.6155785156381145
0 0.7250671875000001 0.5919562500000002 0.7058667532078726 0.5787790762747174 0.698420253051206 0.5896293572185036 0.7176206873433334 0.6028065309437863
0 0.6618 0.5725375 0.6438804530082577 0.5594421158077234 0.6369885547140217 0.5688728964196208 0.6549081017057641 0.5819682806118974
0 0.674328125 0.560009375 0.6584021419348471 0.5464041723378557 0.6505249999999998 0.5556250000000003 0.6664509830651527 0.5692302026621445
0 0.6877968750000001 0.544975 0.6706011888718463 0.5327413844660025 0.6636796875000001 0.5424703125 0.6808753736281539 0.5547039280339974
0 0.7015781249999999 0.5324468750000001 0.6841864439716712 0.5192300303035238 0.6765218749999999 0.5293156250000001 0.6939135560283288 0.5425324696964764
0 0.7162984375 0.5149078125 0.6776150171762644 0.4855728050116296 0.670154550890423 0.4954107555647587 0.7088379712141586 0.5247457630531291
0 0.7291390625 0.5020656250000002 0.6915633545586375 0.4736393378756977 0.6840375000000001 0.48358750000000017 0.7216132079413626 0.5120137871243027
0 0.9721624999999996 0.5634343750000003 0.9061313577774277 0.5130415915792466 0.8798421874999999 0.5474890625000002 0.9458733297225719 0.597881845920754
0 0.9243640625000001 0.38080156249999997 0.88030625 0.34572499999999995 0.8716849771418358 0.35655372425416065 0.9157427896418359 0.3916302867541607
0 0.9347468750000003 0.3687359375000003 0.890128125 0.33477968750000014 0.8822418048695159 0.345142367310699 0.9268605548695159 0.37909861731069916
0 0.94485 0.35835312499999994 0.8985931245683257 0.32309588138483447 0.8909703125 0.333096875 0.9372271879316741 0.3683541186151655
0 0.41846249999999996 0.27522656250000005 0.3775697970947244 0.238424763632871 0.3470890625 0.27229375000000006 0.3879817654052756 0.3090955488671291
0 0.3764203125 0.20776406249999999 0.3498127942334193 0.17973209059869225 0.318734375 0.20923124999999992 0.3453418932665807 0.23726322190130772
0 0.32802343750000007 0.3690875000000001 0.23317672692490357 0.29514833321390826 0.2066010710430209 0.3292387030589526 0.30144778161811736 0.40317786984504445
0 0.11614843749999999 0.07141875000000002 0.10278083476877227 0.05845694047424225 0.08521405879032037 0.07657367657360956 0.09858166152154808 0.08953548609936735
0 0.1424609375 0.09434687500000001 0.12592237727455932 0.07780733261646056 0.09923281254639528 0.1044953124536075 0.11577137277183594 0.12103485483714696
0 0.06811562500000001 0.03324062500000001 0.044024980743544606 0.008043186264159632 -0.0065324711153168956 0.05637990810376057 0.01755817314113851 0.08157734683960095
0 0.6305953125 0.02264062500000006 0.5763561977933501 -0.014243398470027913 0.5654322615413727 0.0018205928106576953 0.6196713762480226 0.038704616280685666
0 0.6535204616346055 0.0196292342327457 0.6525703125 0 0.6112843750000001 0.0019984374999999998 0.6122345241346057 0.021627671732745702