0 0.13985781250000012 0.987271875 0.10637896370192479 0.9525059956495051 0.060935121843669025 0.9962675094900728 0.09441397064174435 1.0310333888405676
0 0.17389218749999996 0.7114328125 0.123690788127786 0.6646617489271025 0.11547145682911952 0.6734839116400325 0.16567285620133348 0.72025497521293
0 0.13484218750000004 0.7065515625000001 0.10367475463513753 0.6790509785029444 0.09486113265832588 0.689039783514793 0.1260285655231884 0.7165403675118487
0 0.1119625000000001 0.7166187500000001 0.08953782366112435 0.6941957143310349 0.07779224334521899 0.705942154058685 0.10021691968409474 0.7283651897276502
0 0.033328375082919415 0.7450179860897884 0.022939949220909604 0.7328029467087309 -0.010388425862009854 0.7611474606189426 -4.4408920985006264e-17 0.7733625
0 0.06132031249999996 0.7748875000000001 0.049138852863789585 0.7603636519370756 -0.00760489713621042 0.8079558394370755 0.004576562499999959 0.8224796874999999
0 0.5176890625 0.71821875 0.5030188279437289 0.7024893831366741 0.48633445294372885 0.7180503206366741 0.5010046874999999 0.7337796875
0 0.49338662041697834 0.7520703683733071 0.47223282534061894 0.737911897880364 0.46493214242364067 0.7488196545070569 0.4860859375000001 0.7629781250000001
0 1.0133564125356151 0.9807584530377845 0.985196875 0.9569953125000001 0.9677305689189006 0.9776930439684989 0.9958901064545159 1.0014561845062833
0 0.9780140625 0.9836 0.9452890625 0.9836 0.9452890625 0.9984375 0.9780140625 0.9984375
0 0.9324453124999998 0.7523078125 0.8988851761374885 0.7227849602017741 0.88515 0.7383984375 0.9187101363625112 0.7679212897982259
0 0.9164484374999999 0.7687687500000001 0.8844543864771375 0.7421075620674034 0.8701642348065807 0.7592560793363303 0.9021582858294431 0.785917267268927
0 0.8529218750000002 0.7395156250000003 0.8395499856400743 0.7197485256517838 0.8033208567758623 0.7442565171504175 0.8166927461357881 0.764023616498634
0 0.9363031250000002 0.32036093750000016 0.8860682388455299 0.2796052364657845 0.8658406250000003 0.30453750000000007 0.9160755111544707 0.3452932010342157
0 0.8562874999999999 0.2773671875000001 0.7785445855931539 0.21273459463978334 0.7616879953439308 0.23301043992067502 0.8394309097507768 0.29764303278089177
0 0.8368796874999997 0.2955796875000002 0.760662592729705 0.22639518456599822 0.7370275588407761 0.2524327152472556 0.8132446536110708 0.3216172181812576
0 0.7439174159782818 0.15138208011618656 0.6965583609421362 0.10178574955761173 0.6408839489341707 0.1549487056209898 0.6882430039703162 0.20454503617956465
0 0.79609375 0.12140625000000016 0.747294136729086 0.07729890723590485 0.7390625 0.08640625000000002 0.7878621132709138 0.13051359276409533
0 0.8117187499999998 0.11031250000000022 0.7631446829733013 0.06603843234943554 0.7531249999999998 0.0770312500000001 0.8016990670266985 0.12130531765056478
0 0.8149999999999998 0.09000000000000004 0.7740535934577579 0.05174119543157305 0.7631249999999999 0.06343750000000008 0.8040714065422419 0.10169630456842707
0 0.8278125 0.0771875000000001 0.7873411489298454 0.03864335612366232 0.77578125 0.05078125 0.8162526010701544 0.08932539387633778
0 0.1615625 0.16468750000000004 0.11159975801812883 0.14902261390007343 0.10694807647965968 0.1638590297543488 0.15691081846153085 0.17952391585427538
0 0.1516540115720074 0.18701324385344412 0.14927887421880365 0.1728811766018817 0.11012486264679622 0.1794616827484376 0.1125 0.19359374999999998
0 0.0861546875 0.2776109375 0.07832663798713904 0.24693413307784687 0.0022464284632531806 0.2663481384907357 0.010074477976114127 0.29702494291288883
0 0.3566623975409836 0.6598386270491804 0.3534861680327867 0.6560271516393442 0.33452100409836066 0.6718314549180328 0.33769723360655757 0.6756429303278689
0 0.04053437500000003 0.34053125 0.018926182597781428 0.3231181405045028 0.009846512925530293 0.3343852406899881 0.0314547053277489 0.3517983501854853
0 0.027414062500000023 0.3526718750000001 0.008384267991226001 0.3332770775276543 -0.0019938570087739914 0.3434598900276543 0.017035937500000032 0.36285468750000005
0 0.015665625000000037 0.36344218749999996 0.0009796875000000816 0.3507140625 -0.012911801334254559 0.36674230992857343 0.0017741361657453991 0.3794704349285734