0 0.34867499999999996 0.3347796875000001 0.31526537973753216 0.29979873169813676 0.267606302832167 0.3453169751242693 0.3010159230946349 0.3802979309261326
0 0.2679109375 0.2805031250000001 0.20964122270549224 0.24149198452065684 0.1843731654771555 0.2792340876741423 0.24264288027166322 0.31824522815348555
0 0.24098906250000002 0.32305625 0.21891795691987648 0.3074233085860254 0.2124753908613674 0.316519137190434 0.23454649644149095 0.33215207860440865
0 0.22870259580465344 0.3348689764688717 0.20947696650085862 0.3191862519591284 0.20277812499999998 0.3273984375 0.2220037543037948 0.3430811620097432
0 0.18591765010663613 0.22605666883314876 0.1186886819693567 0.210963846949058 0.1150671875 0.2270953125 0.18229615563727947 0.24218813438409076
0 0.12290019112772274 0.23211361944113013 0.09856718750000001 0.23143750000000002 0.09810907043279073 0.24792477071017646 0.12244207406051347 0.2486008901513066
0 0.13909541806232628 0.26496139499639215 0.06035625000000002 0.2600953125 0.059337123922506195 0.27658601925476284 0.13807629198483246 0.281452101751155
0 0.1143235551819016 0.2831407126877634 0.07487094039614633 0.28082075663436123 0.07381718750000003 0.298740625 0.1132698022857553 0.30106058105340217
0 0.4272359375 0.20552812500000006 0.39168034183213 0.18441699007220222 0.3816868862815885 0.2012480731046932 0.41724248194945845 0.22235920803249104
0 0.45822031249999995 0.24649531250000006 0.4132056017180745 0.2194143987112648 0.40726874999999996 0.22928281250000007 0.4522834607819254 0.2563637262887353
0 0.4083015625 0.22205312500000005 0.3888338089779158 0.20529004424409553 0.3776609375 0.21826562500000005 0.39712869102208415 0.23502870575590457
0 0.4441046874999999 0.2606109375 0.39935 0.2320359375 0.39191756716795983 0.24367674970516878 0.4366722546679598 0.27225174970516874
0 0.38867812500000004 0.25269218750000005 0.36669365181777386 0.23649310199730705 0.35907031250000004 0.24683906250000004 0.3810547856822262 0.26303814800269304
0 0.3817921875000001 0.27403750000000004 0.3495330938791311 0.2505748291575701 0.33951390247074653 0.2643503296459455 0.3717729960916155 0.2878130004883754
0 0.3618250000000001 0.2888406250000001 0.33207085952430604 0.2669728693269357 0.32111971962378155 0.2818734270174782 0.35087386009947563 0.3037411826905426
0 0.4175968750000001 0.2671515625 0.39438620474902014 0.2504690475724288 0.3876101912428861 0.25989663182995193 0.41082086149386604 0.27657914675752304
0 0.37594674831081076 0.3116070523648648 0.364575 0.3034843749999999 0.35898272804054054 0.3113135557432432 0.37035447635135127 0.3194362331081081
0 0.4027999999999999 0.27811718750000014 0.3887375 0.26967968750000015 0.38228598345588233 0.28043221507352956 0.39634848345588225 0.28886971507352954
0 0.160634375 0.069825 0.1399210253576925 0.05357916678913945 0.13306173044032205 0.062324730779554825 0.15377508008262958 0.07857056399041537
0 0.16823125000000003 0.09551249999999999 0.1286940271704473 0.06685670794047952 0.12156093750000001 0.07669843750000001 0.16109816032955274 0.10535422955952048
0 0.15593125000000002 0.10817500000000005 0.11799335399235404 0.07753291381800119 0.11106875000000001 0.08610625000000002 0.149006646007646 0.11674833618199887
0 0.13567031249999997 0.1117921875 0.10467663702207633 0.08722383102982455 0.09695937500000001 0.09695937500000003 0.12795305047792366 0.12152773147017548
0 0.2509753411043201 0.1345309823562754 0.2426770371515634 0.12545954449487667 0.23328281250000002 0.134053125 0.24158111645275673 0.14312456286139869
0 0.8554684488316836 0.7838455437468881 0.7983301193716866 0.7347040008027375 0.7402124527739742 0.8022791354557206 0.7973507822339709 0.8514206783998712
0 0.954346875 0.5332046875 0.9210557670523152 0.5074188212796514 0.8907234374999999 0.5465796875000001 0.9240145454476849 0.5723655537203486
0 0.882046875 0.482234375 0.8286897115603308 0.44652128616314285 0.8089423443902979 0.4760248528360763 0.8622995078299669 0.5117379416729334
0 0.6170250000000002 0.9359859374999999 0.5222282965290553 0.8663195400630898 0.505684245796885 0.8888314185176359 0.6004809492678298 0.9584978159545459
0 0.5810734375 0.9639484374999998 0.513587461127012 0.9135719903370942 0.49175580430229954 0.9428184092417723 0.5592417806752874 0.9931948564046781
0 0.08565625000000002 0.6196906249999999 0.08534288198690444 0.594639005829871 0.057982812500000015 0.5949812499999999 0.058296180513095576 0.620032869170129
0 0.9484590328098079 0.9437669151740046 0.9366837403225532 0.939948876727325 0.933434375 0.9499703125 0.9452096674872548 0.9537883509466797
0 0.9720612585868901 0.9515299332336327 0.9486195598605628 0.944368217402282 0.944067530110823 0.9592679024078734 0.9675092288371504 0.966429618239224
0 0.9984375 0.9797593750000001 0.9909874999999999 0.9797593750000001 0.9909874999999999 0.9957359374999999 0.9984375 0.9957359374999999
0 0.978896875 0.9896921875 0.9581703125000001 0.9896921875 0.9581703125000001 0.9984375 0.978896875 0.9984375