0 0.33265653914522086 0.8184479177199382 0.3150434120740665 0.8050519827667678 0.2720556229288456 0.8615728150468296 0.28966875 0.8749687500000001
0 0.3564831684387749 0.8424300169825549 0.3400031250000001 0.8273093750000001 0.2928074565612252 0.8787481080174452 0.30928750000000005 0.8938687500000002
0 0.2947796047497709 0.7305398713323181 0.26449843749999996 0.7013140625000001 0.2523948461281172 0.7138547205450078 0.2826760133778881 0.7430805293773257
0 0.25762968750000015 0.7417312500000002 0.24366562500000014 0.7281968750000001 0.23315902016882242 0.7390370420949245 0.24712308266882244 0.7525714170949246
0 0.2727203125 0.7524140625 0.2596736800871405 0.7430886691226496 0.24954399258714038 0.7572605441226496 0.2625906249999999 0.7665859375
0 0.23739843750000014 0.7627734375000002 0.22335175584899472 0.7527318337299077 0.21446875000000004 0.7651578125 0.22851543165100546 0.7751994162700925
0 0.2527808341133846 0.7781898996223633 0.23855625000000008 0.7677156250000001 0.23003608720544855 0.7792864283921574 0.24426067131883306 0.7897607030145207
0 0.21768565418519029 0.789282883355403 0.20324687500000013 0.7770531250000001 0.19405028331480997 0.7879108666445973 0.20848906250000013 0.800140625
0 0.23353480760420298 0.8010033768397833 0.21840781250000005 0.7900921875000001 0.2082083808588063 0.8042324198520724 0.22333537596300923 0.8151436091918558
0 0.1982656250000001 0.8131359375 0.1829718750000001 0.7999796874999999 0.17264201267222545 0.8119878457499119 0.18793576267222548 0.8251440957499121
0 0.20838488237867958 0.7274655484983203 0.15471562500000005 0.6846375 0.13931043012132055 0.7039422640016797 0.1929796875000001 0.7467703125
0 0.16226147734799 0.7283110031611043 0.13942968750000012 0.7077984374999999 0.12865571015201013 0.7197905593388956 0.15148750000000005 0.740303125
0 0.12701634256553626 0.749824940129564 0.11395156250000013 0.7379078125000001 0.10042441583323991 0.7527376609004691 0.11348919589877604 0.7646547885300331
0 0.15817113193224203 0.7816615307084749 0.1440609375 0.7731125000000001 0.13346793056775802 0.7905962817915251 0.14757812500000003 0.7991453125
0 0.17712285820662133 0.771787844020294 0.159346875 0.7555109375000001 0.14948155339016975 0.7662848392266959 0.16725753659679107 0.7825617457469898
0 0.13975002768928588 0.73614862526954 0.12917425937500013 0.7249969203124998 0.11881247510679893 0.7348235638764444 0.12938824342108468 0.7459752688334845
0 0.18860321021068388 0.7519215876204546 0.17741249999999997 0.7420765625 0.16703210608705268 0.7538758193562561 0.17822281629773656 0.7637208444767107
0 0.3430640625 0.36426093750000005 0.3424535174984782 0.30489288177276286 0.2623439335575074 0.3057167340187227 0.26295447855902915 0.3650847897459598
0 0.40794746674723237 0.19540538977047792 0.3544304552629581 0.1506054946108746 0.31133923851572576 0.20208135484039672 0.36485625000000005 0.24688125000000002
0 0.8982916529878944 0.10352556568776734 0.8436421874999999 0.058128124999999996 0.7902539091657297 0.12239696549155181 0.8449033746536241 0.16779440617931915
0 0.9661914971819924 0.17011253071093607 0.9160953125000002 0.1259937499999999 0.9008788153180081 0.14327184428906378 0.9509750000000002 0.18739062499999998
0 0.9478234375 0.19369218750000017 0.8949041952133809 0.14936066037145818 0.8343249999999998 0.22167500000000007 0.8872442422866189 0.26600652712854206