0 0.19377778146011831 0.8682805180504068 0.17780209487929394 0.8489548482577627 0.11707275091917571 0.8991571427073559 0.13304843750000006 0.9184828125
0 0.17076406250000015 0.841709375 0.15647846679701152 0.826427061639173 0.09769843749999998 0.8813734375 0.11198403320298862 0.8966557508608268
0 0.13730583784577202 0.8393041777355436 0.12018782023422622 0.8198785171813261 0.07598750000000001 0.8588281249999999 0.0931055176115458 0.8782537855542174
0 0.22627467523493036 0.746236574494748 0.20917500000000003 0.7273109374999999 0.1603100391592643 0.7714613648264909 0.17740971439419467 0.7903870018212389
0 0.2592765625000001 0.7598765625000002 0.2423700221141206 0.7413852965497805 0.18391845961412057 0.7948274840497804 0.2008250000000001 0.8133187500000002
0 0.282240625 0.7824234375 0.2651077153634344 0.763274558639275 0.20917499999999997 0.81331875 0.22630790963656558 0.832467628860725
0 1.0159095526942337 0.9773314143733562 0.96919375 0.9142765625000001 0.9322386068035767 0.9416557272559283 0.9789544094978104 1.0047105791292845
0 0.9984375 0.8632218750000004 0.9794972345368287 0.8414997467016448 0.9406660622960329 0.8753579718435379 0.9596063277592043 0.8970801001418934
0 0.6480866090612034 0.44661996037822344 0.6397806742357923 0.4301847521199143 0.5925346901745889 0.4540616667416909 0.600840625 0.4704968750000001
0 0.6109649481600071 0.45222433678507673 0.6066748591417565 0.4165835563202959 0.4468239734817492 0.4358248445352192 0.45111406249999997 0.471465625
0 0.5632543224364802 0.4180564010984413 0.5611689275328524 0.40481771073716094 0.4897317925963721 0.4160706846387197 0.49181718749999986 0.42930937500000005
0 0.7501906249999999 0.40017812500000005 0.7342103280828132 0.38263931775999466 0.6981650460807883 0.4154815915231852 0.714145342997975 0.4330203987631906
0 0.6728359374999999 0.37796718749999997 0.6221523198969178 0.3383728326543945 0.6109417485246477 0.35272316907886236 0.6616253661277298 0.39231752392446784
0 0.6785796875 0.32397187500000013 0.659522016156042 0.30325760281188047 0.6444984375 0.3170796875000001 0.6635561088439579 0.33779395968811976
0 0.6812609375 0.3515437500000001 0.6710609717039876 0.33848706128804895 0.6548375 0.3511609375000001 0.6650374657960123 0.3642176262119512
0 0.6919211363320565 0.3397016053205852 0.6752532346140175 0.32379105447808765 0.6659421875 0.33354531249999997 0.682610089218039 0.3494558633424975
0 0.7264484375 0.37222343750000003 0.6918003012189804 0.33939823465967833 0.669771875 0.36265000000000003 0.7044200112810196 0.39547520284032167
0 0.5128296875 0.32379218750000005 0.46970618559798016 0.28005990380749735 0.409959375 0.3389750000000001 0.4530828769020199 0.3827072836925028
0 0.899234375 0.23696718750000004 0.8841786706717276 0.22078700954624603 0.8618755456717277 0.241540134546246 0.8769312500000002 0.2577203125
0 0.8580359374999998 0.24440156250000009 0.8403796874999998 0.2310812500000002 0.8311618293169127 0.24329964266497212 0.8488180793169127 0.256619955164972
0 0.8195548389077121 0.20967729155952197 0.8063062499999999 0.19948593750000015 0.7977045360922876 0.2106680209404784 0.8109531249999998 0.22085937500000022
0 0.8707359375000001 0.2313906249999999 0.8221159565425046 0.1878551284021633 0.8121541292985277 0.19898039143472251 0.8607741102560234 0.24251588803255913
0 0.8180765624999999 0.17346562499999996 0.7948453125 0.15240156249999998 0.7842790389191996 0.16405495287158517 0.8075102889191996 0.18511901537158515
0 0.8335656249999996 0.16169531250000002 0.8117265624999994 0.13985625000000024 0.8030531249999996 0.1485296875000003 0.8248921874999997 0.1703687500000001
0 0.8611078124999999 0.15631250000000008 0.83459375 0.13810937500000003 0.8240054354384199 0.15353195953179863 0.8505194979384199 0.1717350845317987
0 0.81480625 0.12386406250000018 0.7985826722776654 0.10763884221638978 0.786709375 0.11951093750000004 0.8029329527223344 0.13573615778361042
0 0.8361765625 0.13533906250000016 0.8235150917910122 0.12605376179053995 0.8156636462229715 0.13676002227617792 0.8283251169319591 0.14604532298563813
0 0.8729796875 0.14048437500000013 0.8501228014456684 0.12333889001427938 0.8406243639456685 0.13600139001427936 0.8634812500000001 0.1531468750000001
0 0.9675578124999997 0.16224843750000012 0.9005709096681273 0.10368419335733185 0.8900841590743827 0.11567913930650091 0.9570710619062552 0.17424338344916918
0 0.8979093750000005 0.09853593749999993 0.8593261739927673 0.06734135384866957 0.8496480188322094 0.07931183597187216 0.8882312198394423 0.11050641962320254
0 0.9093859375000001 0.08152031249999991 0.8761453125 0.05342343749999996 0.8667252490142463 0.06456805047941967 0.8999658740142463 0.09266492547941962
0 0.9105734375000001 0.053423437500000046 0.8880169338053016 0.03838466880387106 0.8804061072569714 0.049800073922862384 0.9029626109516699 0.06483884261899138
0 0.9485640625000002 0.10684687500000009 0.9252156250000001 0.08903906250000011 0.9171070697698024 0.09967046908110419 0.9404555072698024 0.11747828158110418
0 0.9636015625000003 0.09339218750000003 0.939546453321839 0.07334679084804847 0.93075625 0.08389531250000007 0.9548113591781615 0.10394070915195161
0 0.9861578124999998 0.14800312500000015 0.9679546874999996 0.1333609375 0.9588876903232808 0.1446330020724867 0.977090815323281 0.15927518957248682
0 1.001751365224213 0.1366309961424875 0.9873453125000001 0.12069687500000006 0.9788972028839371 0.12833481822012613 0.99330325560815 0.1442689393626136
0 0.9984052149049478 0.021942361558398904 0.9639273151960138 -0.014998939840747471 0.9413118509817501 0.006108429892263257 0.975789750690684 0.04304973129140963
0 0.7437613886135134 0.051968375587702155 0.6793268252020598 -0.008702026775996075 0.6707609375000001 0.0003953125000000668 0.7351955009114536 0.061065714863698294
0 0.7393143047297582 0.07247891668815565 0.7223341926577918 0.05250293286485293 0.6941790641610568 0.07643553320654335 0.7111591762330232 0.09641151702984607
0 0.13056250000000003 0.0024640625000000157 0.057481250000000005 0.0008218750000000072 0.056781293839441804 0.03197158912143491 0.12986254383944182 0.03361377662143492
0 0.054195312500000016 0.060765625000000024 0.037900206474545756 0.05657712541924825 0.034206456474545746 0.07094743791924826 0.050501562500000007 0.07513593750000003
0 0.06692343750000003 0.0817046875 0.02493144843104185 0.07401575982742489 0.01975672663876448 0.10227676970937068 0.061748715707722654 0.10996569738194577
0 0.0176546875 0.030793749999999998 3.469446951953614e-18 0.0283296875 -0.003934678835478418 0.05652114987290473 0.013720008664521579 0.05898521237290473