0 0.36351884799836354 0.5405899127090097 0.30310000000000004 0.4962 0.2631545895016365 0.5505694622909904 0.3235734375 0.594959375
0 0.42970654552633797 0.6110139638397503 0.3717484375000001 0.5688640625000001 0.341090329473662 0.61102041116025 0.39904843749999996 0.6531703125
0 0.5950343750000001 0.5451312500000001 0.5678387193796288 0.525657423551116 0.5356390625 0.570625 0.5628347181203713 0.5900988264488842
0 0.6464386070543764 0.5724451412178838 0.6061531250000001 0.5372656250000002 0.5929456022361296 0.5523900916922451 0.6332310842905059 0.5875696079101287
0 0.6319421618834344 0.5890216767375298 0.589609375 0.55679375 0.576428229337036 0.5741077595164723 0.6187610162204703 0.6063356862540021
0 0.618061597842502 0.6097209573047766 0.5755062500000001 0.5765921875000002 0.566228996032598 0.5885092243212439 0.6087843438750998 0.6216379941260204
0 0.6405968750000001 0.4748875000000001 0.6148197550245669 0.4537806939885554 0.5831015625 0.4925171875000001 0.6088786824754331 0.5136239935114448
0 0.68290625 0.5063484375 0.6549839435849492 0.48485380505308423 0.6248671874999999 0.5239765625000001 0.6527894939150508 0.545471194946916
0 0.225246875 0.8732859375 0.1920557858582299 0.847939448594552 0.17298234835822995 0.8729160110945517 0.20617343750000008 0.8982624999999999
0 0.2759015945491957 0.8159874772192625 0.21480156250000002 0.7615703125 0.17549996795080425 0.8056984602807375 0.23659999999999998 0.860115625
0 0.07718437500000012 0.724934375 0.06352612500000014 0.7146906875 0.05452612500000016 0.7266906874999999 0.06818437500000014 0.7369343749999999
0 0.09015502002626415 0.7080407710723446 0.074511828164641 0.6974040459082709 0.06617712063837682 0.7096617123359262 0.08182031249999996 0.7202984375000001
0 0.1025484375 0.6943875000000002 0.0881921789825491 0.6827031963385148 0.07864686648254904 0.6944313213385149 0.09300312499999994 0.7061156250000001
0 0.1134578125 0.67720625 0.09778455527368335 0.667516585246022 0.09002167482129364 0.6800732242254559 0.1056949320476103 0.689762888979434
0 0.12355000000000001 0.6608421875000001 0.10853788176906262 0.6483777966090878 0.09954843750000002 0.6592046875000002 0.1145605557309374 0.6716690783909124
0 0.05318437500000006 0.7033890624999999 0.026293964628812415 0.6817665171891258 0.01612392027029359 0.6944142726851552 0.04301433064148123 0.7160368179960293
0 0.08263906250000011 0.6728421875000001 0.05334951378180368 0.6510843740016237 0.03982031250000011 0.6692968750000001 0.06910986121819654 0.6910546884983766
0 0.27455 0.3228281250000001 0.27300004641089115 0.3073285891089109 0.22667192141089113 0.3119614016089109 0.22822187500000002 0.32746093750000005
0 0.2706484375 0.304296875 0.2685713333049853 0.2757956631478647 0.20834633330498525 0.28018472564786473 0.21042343749999998 0.30868593750000006
0 0.14995312499999996 0.16507187500000003 0.0972875 0.12483906250000003 0.08130306990177097 0.14576302851386108 0.13396869490177093 0.18599584101386107
0 0.13373089295038057 0.19150759531137723 0.07839034084692166 0.14811789861868968 0.05534843750000003 0.17750625000000003 0.11068898960345892 0.22089594669268758
0 0.9803485019645001 0.7686064092781784 0.9659561229405927 0.7575999355287606 0.954496875 0.7725843750000002 0.9688892540239074 0.7835908487494179
0 0.9650062500000001 0.7885296875000003 0.9490396365587017 0.7775648237106854 0.9283849490587016 0.8076413862106854 0.9443515625 0.8186062500000002
0 0.9396406250000002 0.8215062500000002 0.8477032163972196 0.7567109723341578 0.8208875913972193 0.7947594098341579 0.9128250000000001 0.8595546875000002
0 1.0067686883976366 0.9881076476558448 0.9468875000000001 0.9392781250000002 0.9274382262913556 0.9631293846437424 0.9873194146889922 1.011958907299587
0 0.35812349441869584 0.5007929098665029 0.3170835238100649 0.4749547405498988 0.30540221689136915 0.4935087056833961 0.34644218750000005 0.5193468750000001
0 0.5123752822880241 0.02928406796644243 0.45628385321258447 -0.014834681478105738 0.42938259916303806 0.019366872341026343 0.4854740282384776 0.06348562178557451
0 0.23373906250000004 0.17355 0.20328750000000007 0.14926093750000002 0.1458337540670915 0.22129156178346437 0.17628531656709148 0.24558062428346433