0 0.19135932977178272 0.5410620979193411 0.17788654355484915 0.5410204670619694 0.1778475262830665 0.5536474316426283 0.1913203125000001 0.5536890625
0 0.20740346822505823 0.5588313515024952 0.17787812500000005 0.5568453125 0.1768546583522123 0.572060624997573 0.2063800015772705 0.5740466640000682
0 0.24002210453432124 0.576405869725164 0.17811351703225478 0.5751562099951145 0.17782422499793366 0.5894878402699504 0.2397328125000001 0.5907375
0 0.4747171875 0.6132109375000001 0.43661394279962396 0.5831487669709784 0.38058281250000003 0.6541671875 0.4186860572003761 0.6842293580290217
0 0.584862147802643 0.6711164708793118 0.5263987398085155 0.6268300316179942 0.5013124999999999 0.6599468749999999 0.5597759079941275 0.7042333142613175
0 0.25594892198509617 0.5182050074758862 0.21338906250000006 0.4842796875000001 0.20488088265423876 0.4949533359421345 0.2474407421393349 0.5288786559180206
0 0.24212968750000008 0.5305500000000001 0.2021234375 0.4984828125 0.19290487858490896 0.5099836643472928 0.23291112858490903 0.542050851847293
0 0.288995372805107 0.5221115665266365 0.22481406250000005 0.4705015625000001 0.21581712719489293 0.4816899959733637 0.2799984375 0.5333000000000001
0 0.07423910722869824 0.33306075233587684 0.06063808570262108 0.32242158005000815 0.03122343750000005 0.3600250000000001 0.044824459026077214 0.3706641722858688
0 0.03417656250000003 0.34666406250000004 0.021871863719531804 0.33671188689707654 0.007340284719805123 0.3546784812911394 0.01964498350027335 0.3646306568940629
0 0.6773531249999998 0.2576765625000001 0.6250159363639437 0.21814192198314464 0.5979682946506959 0.2539484326279847 0.650305483286752 0.29348307314484023
0 0.5922047799342485 0.1904034474192205 0.4903687085757597 0.11000571255614382 0.4560874999999999 0.15342812500000008 0.5579235713584886 0.23382585986307675
0 0.1983640625 0.0406734375 0.18088945505442103 0.025618786014645723 0.146984767554421 0.0649734735146457 0.164459375 0.08002812499999998
0 0.22469999999999998 0.06095625000000003 0.20368567919016528 0.042588912971387505 0.1656703125 0.08608281250000002 0.1866846333098347 0.10445014952861256
0 0.12535156249999996 0.12872812499999997 0.1034835723895566 0.10895713417062232 0.08501013488955662 0.1293899466706223 0.10687812499999998 0.14916093749999998
0 0.15552656250000002 0.15340625000000005 0.12988366610927785 0.12809865336374407 0.10743906249999999 0.15084062500000003 0.13308195889072222 0.17614822163625604
0 0.09344375 0.14944062500000002 0.06871192971429854 0.12776845726142366 0.021879177997900214 0.1812130047984541 0.04661099828360168 0.20288517253703042
0 0.8274109375 0.3249781250000001 0.7984599722114203 0.30749643089929035 0.7890693472114203 0.32304799339929036 0.8180203125000001 0.3405296875000001
0 0.8558718750000001 0.34317031250000013 0.8321111065438955 0.32614260525088357 0.8194874999999998 0.34375781250000004 0.8432482684561045 0.3607855197491166
0 0.8136203125 0.34140937500000007 0.7871792561807129 0.3231846746326999 0.75904375 0.3640046875 0.7854848063192871 0.38222938786730015
0 0.8406140624999999 0.36224375000000003 0.8165234375000001 0.34517968750000005 0.7881111073683515 0.3852915184650908 0.8122017323683515 0.40235558096509083
0 0.7747906250000001 0.9984375000000003 0.7747536562220756 0.9677157346068072 0.7072335392648004 0.9677969843715024 0.7072705080427248 0.9985187497646957
0 0.8932286906596788 0.9852503697138169 0.8377570071203626 0.9496728738611531 0.8258926786983798 0.9681714852967712 0.881364362237696 1.003748981149435
0 0.7554664811009626 0.870115899176918 0.7109028375793499 0.8401973198258312 0.6870254189783873 0.8757626706489132 0.7315890625 0.90568125
0 0.23391093749999997 0.6436375 0.197321875 0.6105875000000001 0.1880693238718522 0.6208308334799468 0.22465838637185218 0.6538808334799469
0 0.2541962735964611 0.5940037024523622 0.18126250000000005 0.5888234375 0.18013188322889273 0.6047415707164684 0.25306565682535376 0.6099218356688307
0 0.9921515624999998 0.08825625000000033 0.9654906249999996 0.06979062500000036 0.957240227399093 0.08170266885380575 0.983901164899093 0.10016829385380573
0 1.0059402393590897 0.12416241069562553 0.9568333885309741 0.08406348270134245 0.9476312499999999 0.09533281250000014 0.9967381008281156 0.13543174049428322