0 0.3232875000000001 0.7738515625000002 0.30416388367204344 0.7540685948693525 0.2693355457090879 0.78773613075068 0.2884591620370446 0.8075190983813277
0 0.346196875 0.7874281250000001 0.3280121476884982 0.7677281781495954 0.28001250000000005 0.8120359375000001 0.29819722731150183 0.8317358843504048
0 0.11503957007534962 0.7917682193027823 0.06347582840471148 0.7814562305994984 0.05985357711783699 0.7995688211964075 0.11141731878847512 0.8098808098996914
0 0.22570625000000008 0.7085156250000002 0.20239952745510328 0.6920061749474806 0.19419474583245006 0.7035890301129962 0.21750146837734685 0.7200984801655157
0 0.21150000000000002 0.7212609375000001 0.18855139758428835 0.7046874422127497 0.17873281250000006 0.7182828125000001 0.20168141491571173 0.7348563077872505
0 0.196978125 0.734665625 0.1722066376866152 0.7125002228939203 0.15599103745571563 0.7306223635831015 0.18076252476910043 0.7527877656891812
0 0.17660937500000004 0.6599609375000001 0.14741425498273478 0.6231745297516535 0.07412577894263768 0.6813391069648033 0.10332089895990296 0.7181255147131497
0 0.08434531250000013 0.651009375 0.03834734287371404 0.6195389112677073 0.022337470074765563 0.6429393177247332 0.06833543970105165 0.6744097814570258
0 0.04991875000000001 0.588353125 0.02170466410364149 0.5607152634300573 -0.012209217078059265 0.5953362182502382 0.016004868818299257 0.6229740798201808
0 0.4241484375 0.6118250000000001 0.37193449517078303 0.57688250485964 0.355081670593523 0.6020653776632789 0.40729561292273997 0.637007872803639
0 0.4271515625000001 0.5637796875000001 0.4060496138224995 0.5512750097722829 0.39919616590450846 0.5628403703020318 0.42029811458200916 0.575345048029749
0 0.4128890625 0.57804375 0.3907698997345408 0.562761388924856 0.3843609374999999 0.5720375000000001 0.4064801002654591 0.5873198610751439
0 0.454928125 0.5799203125 0.4432921875 0.5709125 0.43660539437581763 0.5795502360617147 0.44824133187581766 0.5885580485617148
0 0.47632343749999995 0.6182062499999998 0.4668223540882705 0.6053656768742467 0.44749101707121997 0.6196694500516982 0.4569921004829494 0.6325100231774513
0 0.4909625 0.6298421875000001 0.4823624785049689 0.6191438969773967 0.46209989748917135 0.6354323527743759 0.47069991898420244 0.6461306432969793
0 0.625384375 0.6915296875000002 0.6007498583440486 0.6620155253409293 0.536571875 0.7155828125000002 0.5612063916559513 0.7450969746590711
0 0.5907921875 0.9520640625000001 0.5401915201014635 0.9149962953064655 0.5187332895748786 0.9442886122719779 0.5693339569734152 0.9813563794655126
0 0.8863015624999999 0.7104828125000001 0.8621648306524875 0.6946687557130519 0.8554919552622693 0.7048534544349188 0.8796286871097816 0.720667511221867
0 0.852259375 0.7224984375000002 0.8437240466868496 0.7134895409059293 0.830761482771474 0.7257707051575809 0.8392968110846244 0.7347796017516518
0 0.8126093750000001 0.7405203125000003 0.7718434573095283 0.7095028791764584 0.7602804462991629 0.7247000346014627 0.8010463639896347 0.7557174679250046
0 0.8378406249999999 0.7685546875 0.8053316683718261 0.7481814158722826 0.7991083902336478 0.7581116952489078 0.8316173468618215 0.778484966876625
0 0.8230234375000001 0.7761640625000001 0.7878992735917181 0.7533348975448855 0.7820977703296934 0.7622608898836516 0.8172219342379755 0.7850900548387664
0 0.7601828125 0.7730312500000001 0.749104516508609 0.7598764366316483 0.7324988535289931 0.7738608577306243 0.7435771495203841 0.7870156710989761
0 0.7733875 0.7405546875 0.7539262670798806 0.7287959347076193 0.7487625000000001 0.7373421875 0.7682237329201195 0.7491009402923808
0 0.7865937500000001 0.7509031250000001 0.7762437499999999 0.7423390625 0.7684402455508548 0.7517698987472428 0.778790245550855 0.7603339612472428
0 0.7773140625000001 0.7851656250000001 0.7643966776494726 0.772028732793375 0.7429826151494725 0.793084982793375 0.7559 0.8062218750000001
0 0.7898046874999999 0.8005125000000003 0.7789291649441296 0.7893176857698139 0.7644724148375782 0.8033621092533613 0.7753479373934484 0.8145569234835477
0 0.7541156250000002 0.8112187500000001 0.7462092897094901 0.8024807921149929 0.729846875 0.8172859375000001 0.7377532102905101 0.8260238953850074
0 0.7269921874999998 0.8319187500000002 0.7116711745508558 0.8196629457266837 0.6998687499999999 0.8344171875000004 0.7151897629491438 0.8466729917733169
0 0.7341296875 0.8429828125000002 0.7261557255147599 0.8352362790027053 0.7134296875 0.8483359374999999 0.72140364948524 0.8560824709972948
0 0.6941578125 0.8369156250000002 0.683710261264227 0.8286288746689688 0.6726015160399819 0.8426342664400763 0.683049067275755 0.8509210167711077
0 0.5028546875 0.5123140625 0.419234375 0.4510171875000001 0.40238693757437505 0.4740002185656939 0.486007250074375 0.5352970935656939
0 0.390478125 0.39691093750000006 0.37958298210175245 0.39146175909764647 0.3748149287220606 0.4009950536757387 0.3857100716203082 0.4064442320780923
0 0.3848031250000001 0.4116671875000001 0.36020907451923073 0.4067483774038462 0.35793876201923075 0.41809993990384625 0.3825328125000001 0.42301875000000005
0 0.3972890625 0.43058593749999996 0.3560811635786677 0.4241211355437181 0.3542524140279668 0.4357779391314118 0.3954603129492991 0.4422427410876937
0 0.8480874999999999 0.3803718750000001 0.8096258203822991 0.3529503982205841 0.7884921815120676 0.3825926838612026 0.8269538611297685 0.4100141606406186
0 0.46120312499999994 0.1006265624999999 0.438876969890028 0.08396522584119112 0.42857730066383243 0.09776676034195839 0.4509034557738044 0.11442809700076717
0 0.48780625000000005 0.11450625000000003 0.47114129005847777 0.09303385695054196 0.41108726103911686 0.13964244806702797 0.42775222098063914 0.16111484111648605