0 0.9408031249999999 0.4254656249999999 0.8476835302495381 0.35803877121611843 0.8321312499999998 0.37951718749999996 0.9252508447504615 0.44694404128388143
0 0.9229625 0.44953437500000015 0.8298240884720007 0.3811581226939927 0.8136730552399463 0.4031581816185049 0.9068114667679457 0.47153443392451244
0 0.8494949398397033 0.44821340184968983 0.76799040740557 0.3887465619194688 0.7519657800658668 0.41070972256977917 0.8334703125 0.4701765625000002
0 0.8381515625 0.7461515625 0.8286921875000001 0.7386484375 0.8127032947386056 0.7588060294986428 0.8221626697386055 0.7663091544986429
0 0.8496041414304397 0.7546907359517514 0.8415224509029617 0.7481505803398483 0.8250870594725219 0.768459844388097 0.8331687499999999 0.7750000000000001
0 0.8698114067423193 0.7004993229744854 0.8610184855462061 0.6943023027146217 0.8314461413038868 0.7362623547401365 0.8402390625 0.7424593749999999
0 0.8812733623303467 0.7120688724259543 0.8731140624999998 0.7056828125 0.8436121354319882 0.7433766442698235 0.8517714352623351 0.749762704195778
0 0.8871015625000004 0.6786687500000004 0.8796535686601438 0.6727502305093626 0.8728816936601437 0.6812721055093626 0.8803296875000003 0.6871906250000004
0 0.8993802389554745 0.6875160550344366 0.8922734374999998 0.6809921874999998 0.8843807845570376 0.6895900808702311 0.8914875860125123 0.6961139484046679
0 0.9191171870686725 0.028896513809938552 0.8636879662245971 0.026689691979628782 0.8630582791559245 0.04250567816969034 0.9184875 0.044712500000000106
0 0.48546478263887716 0.23437182496668935 0.44827483384844485 0.20979811560866315 0.4376272387095675 0.22591222814197387 0.4748171874999998 0.25048593750000003
0 0.5141515625 0.22104531250000004 0.46881071161445637 0.1870923163056412 0.4564653991144564 0.2035782538056412 0.50180625 0.23753125000000005
0 0.5305906644998257 0.20341701119491296 0.5082421874999999 0.184759375 0.49568331040114844 0.19980264055921632 0.5180317874009741 0.21846027675412927
0 0.4025636802571048 0.16039968123645035 0.36206259084808023 0.13366918876980452 0.35113328559097534 0.1502288825333542 0.391634375 0.17695937500000003
0 0.38689218750000004 0.17720312500000013 0.3473135540802236 0.15034340365192628 0.3363671344336695 0.166473292895214 0.37594576785344597 0.19333301424328786
0 0.24215468750000008 0.22184218750000007 0.20350587453815483 0.19300342734092338 0.1829046875 0.2206125000000001 0.22155350046184524 0.24945126015907676
0 0.20198593750000002 0.12834531250000006 0.15314967659344642 0.08820953032739269 0.11317467659344645 0.1368501553273927 0.16201093750000004 0.17698593750000005
0 0.1769484375 0.1842859375 0.15306986725661026 0.16576674433692395 0.13669955475661025 0.18687455683692397 0.16057812500000002 0.20539374999999999
0 0.06988060173934103 0.06371985481359152 0.057134375 0.05556406250000001 0.047035922133594435 0.07134636359381877 0.059782148872935446 0.07950215590741028
0 0.05280156250000001 0.08410312500000001 0.030101562500000005 0.06716718750000002 0.02295876641575968 0.07674099887668084 0.04565876641575968 0.09367693637668084
0 0.0316546875 0.029254687500000005 0.01997955506727498 0.01966589704169094 0.007110805067274978 0.03533464704169094 0.0187859375 0.04492343750000001
0 0.031653125 0.093196875 0.018756059222727956 0.08533883102160116 0.012305175650551236 0.09592638563195843 0.02520224142782328 0.10378442961035728
0 0.025873437500000006 0.06094218750000001 0.002546235254221982 0.03923693225833201 -0.011567827245778017 0.05440568225833201 0.011759375000000006 0.07611093750000002
0 0.03188837815917866 0.11573852875551627 0.018122952538742215 0.10581877523544028 0.006729886879563551 0.12162868397992402 0.020495312499999994 0.1315484375
0 0.1502515625 0.08820156250000002 0.12608077447986907 0.0676502272823234 0.09829891425754485 0.10032496335792049 0.12246970227767577 0.12087629857559712
0 0.04799218750000005 0.5194468750000001 0.01331970135377385 0.493267339000145 0.002418750000000003 0.5077046875000001 0.037091236146226204 0.5338842234998552
0 0.032578125000000034 0.540721875 0.0016937500000000494 0.5159609374999998 -0.011424117038698079 0.5323228836025371 0.019460257961301908 0.5570838211025372
0 0.20237280142228484 0.6367553446716363 0.1540766974349222 0.6002468948261221 0.10709687500000005 0.6623953124999999 0.1553929789873627 0.6989037623455141
0 0.11947019180359542 0.7554709513959011 0.043885452699508054 0.6990350812795257 0.020060573395912717 0.7309438173836246 0.09564531250000008 0.7873796875
0 0.3712984375000001 0.8981328125000001 0.31999996496306804 0.8558511387490846 0.26845312500000007 0.918390625 0.31975159753693216 0.9606722987509155
0 0.37979062500000005 0.9696000000000001 0.36058027274994203 0.951007926317158 0.3176112817515454 0.995405849162663 0.3368216340016034 1.0139979228455052
0 0.4363593749999999 0.9588609375000001 0.4206961996159532 0.9455161025366092 0.37560781250000014 0.9984375 0.3912709878840468 1.011782334963391