0 0.47603414925322385 0.9544712033424447 0.4514421875000001 0.929890625 0.41295290177818594 0.9683977353369986 0.4375448635314097 0.9929783136794434
0 0.4899890625000002 0.9117796874999999 0.40719062500000014 0.9117796874999999 0.40719062500000014 0.9315984374999999 0.4899890625000002 0.9315984374999999
0 0.48861473705397795 0.8945780679971849 0.4187572745875598 0.8914479200141152 0.41810035003358187 0.9061089145169301 0.48795781250000003 0.9092390624999999
0 0.4630671875000001 0.8878968750000003 0.4630103671503455 0.8714850818915865 0.41607442965034547 0.8716475818915864 0.4161312500000001 0.8880593750000001
0 0.4017859325993191 0.882821372554725 0.37525814898839277 0.881760587605657 0.3745675288890739 0.8990314025509318 0.4010953125000002 0.9000921875
0 0.3975420144574024 0.8734252102431675 0.39585609672425315 0.8579773215118223 0.36974376976685075 0.8608271112686549 0.3714296875 0.876275
0 1.001303679160055 0.7622332990801997 0.9484664350844894 0.7163391295105367 0.9296346309244343 0.7380198929303373 0.9824718750000001 0.7839140625000003
0 0.925425 0.6623906250000002 0.9150975276872682 0.6516312051760893 0.8902662776872681 0.6754655801760894 0.90059375 0.6862250000000003
0 0.8980468679853738 0.6544307557640205 0.885520382152823 0.6419480196637026 0.852832889167449 0.6747500763996821 0.8653593749999999 0.6872328125000001
0 0.8701426815557067 0.6537532413462308 0.8593581537310724 0.6422225065557934 0.823078125 0.6761546875000002 0.8338626528246342 0.6876854222904376
0 0.8828093750000002 0.6395640625000002 0.8713120475263801 0.6298116044708956 0.8619151725263802 0.6408897294708955 0.8734125000000003 0.6506421875000001
0 0.9133453125 0.6133796875 0.9047302541881201 0.6055058942626312 0.8832536916881202 0.6290043317626313 0.8918687499999999 0.6368781250000001
0 0.2737734375 0.37444531250000007 0.25367725882823244 0.35862972878499494 0.24482725882823245 0.36987504128499493 0.26492343749999997 0.385690625
0 0.2929078125 0.368703125 0.26239161722166887 0.3472131655764795 0.2549775547216689 0.3577412905764795 0.28549375 0.37923125
0 0.3070203125 0.35506406250000005 0.27700463859015745 0.3331832487844985 0.2686327635901574 0.34466762378449844 0.2986484375 0.3665484375000001
0 0.31850156250000006 0.34166406250000003 0.28692812500000003 0.31965000000000005 0.2790053192993236 0.33101320070931717 0.31057875679932356 0.35302726320931715
0 0.330221875 0.32898125000000006 0.30079096677578565 0.3069608221991221 0.29184803942440796 0.318913290902919 0.3212789476486223 0.34093371870379696
0 0.6066232116641681 0.6589083146763285 0.5774980951382613 0.6343502255145029 0.5563686334740934 0.6594090983381745 0.5854937500000001 0.6839671875000001
0 0.8469578125 0.055775 0.7898628946272341 0.008263183002468644 0.7742217217276043 0.02705916973950484 0.8313166396003702 0.07457098673703619
0 0.8703796875 0.03075468749999999 0.8243190462874541 -0.006415235872823821 0.8116885155162763 0.00923640646014361 0.8577491567288222 0.04640632983296742