0 0.7772412111423435 0.7593483541975138 0.7022718750000003 0.7588984375000002 0.702210351357657 0.7691500833024866 0.7771796875000001 0.7696000000000002
0 0.7749500000000002 0.7455218750000001 0.7178765625000001 0.745521875 0.7178765625000001 0.7562234375000001 0.7749500000000002 0.7562234375000002
0 0.7747002379305574 0.7339453343343207 0.7192140625000002 0.732590625 0.719018512069443 0.7405999781656796 0.7745046875000001 0.7419546875000002
0 0.7535484375000001 0.7196609375000003 0.71876875 0.7196609375000002 0.7187687500000001 0.7290250000000001 0.7535484375000002 0.7290250000000003
0 0.7748688336856151 0.7154013101281853 0.7739331515136757 0.7022853442443313 0.7177831840835152 0.7062910365390984 0.7187188662554546 0.7194070024229523
0 0.7718296875 0.6915703125000002 0.7152015625 0.6915703125000001 0.7152015625 0.7018250000000001 0.7718296875 0.7018250000000001
0 0.7687078125000001 0.6888937500000002 0.768532198578601 0.6781674365377051 0.7138563896882079 0.6790626027323775 0.714032003609607 0.6897889161946726
0 0.7098515625000001 0.663925 0.7067919958564987 0.64488491646036 0.6818216833564986 0.64889741646036 0.6848812500000001 0.6679375000000001
0 0.7383875 0.6572359375000001 0.7354689260576366 0.640702653504977 0.7068039769225958 0.6457627960410809 0.7097225508649593 0.662296080036104
0 0.7633578125 0.6474265625000001 0.7588984375000001 0.6322671875000001 0.7335040258004053 0.6397373638544263 0.7379634008004052 0.6548967388544262
0 0.7531015625000002 0.6295921875000001 0.750055932519451 0.6186920676599865 0.6847639305235065 0.6369354706397345 0.6878095605040555 0.6478355904797481
0 0.5381843749999999 0.16676093750000007 0.4935955529180262 0.12217361778744855 0.43897602164638483 0.17679498946380973 0.4835648437283585 0.22138230917636123
0 0.23944062500000002 0.12440156250000003 0.181921875 0.09809531250000002 0.16519787501164734 0.1346624239024257 0.22271662501164732 0.1609686739024257
0 0.05618125000000003 0.14803437500000002 1.6653345369377347e-17 0.1261859375 -0.018978227804381548 0.17498670692961765 0.03720302219561846 0.1968351444296177
0 0.932521875 0.28045156250000003 0.8830383718303512 0.23842567948889776 0.8506265624999999 0.27658906250000015 0.9001100656696487 0.3186149455111025
0 0.9923984375 0.2178718750000001 0.9310982987290416 0.18214958257959535 0.9088303541206896 0.22036180251697762 0.970130492891648 0.2560840949373824
0 0.813457747691988 0.11449706553286743 0.7951226885007865 0.09644879943714861 0.7463265625 0.14602031250000008 0.7646616216912016 0.1640685785957189
0 0.791909375 0.09464218750000004 0.7836884361113221 0.0862887782518281 0.7328225890263733 0.13634798258181022 0.7410435279150513 0.14470139182998215
0 1.0117374938090524 0.927974498533222 0.9870840921213049 0.9039223993256632 0.95540625 0.9363921875000003 0.9800596516877477 0.9604442867075591
0 0.9440515625 0.8901812500000001 0.9114300051487568 0.8683332001357271 0.8936140625 0.8949343750000003 0.9262356198512431 0.9167824248642733