0 0.5609078125000001 0.92414375 0.5222159970505265 0.8949333006579057 0.49536250000000004 0.9305031250000002 0.5340543154494737 0.9597135743420946
0 0.5259984375 0.8092906249999998 0.47766316096279127 0.7728961396398053 0.461533319862674 0.794318075473197 0.5098685963998828 0.8307125608333916
0 0.5474765624999999 0.780884375 0.5010815703633159 0.7482069906112954 0.48212241077355494 0.7751249975613603 0.528517402910239 0.8078023819500648
0 0.46424062499999985 0.8376546875 0.3961002572977103 0.787933945360481 0.378128125 0.8125640624999999 0.4462684927022895 0.8622848046395191
0 0.12906091536164918 0.6772454072235292 0.08591875000000009 0.6682203125 0.08345158463835096 0.6800139677764709 0.12659375000000006 0.6890390625000001
0 0.14538313165860145 0.6622540034595634 0.08845312500000009 0.6525124999999999 0.08633093084139871 0.6649147465404365 0.14326093750000007 0.67465625
0 0.1543626590694423 0.6426585797323999 0.09662031250000006 0.63680625 0.09525609093055784 0.6502664202676002 0.15299843750000008 0.6561187500000001
0 0.16760166455891973 0.6252665170650455 0.1106921875000001 0.6211843750000001 0.10953896044108047 0.6372616079349546 0.1664484375000001 0.64134375
0 0.13318280338879587 0.6046481469189504 0.09297162555469884 0.6028718590553293 0.09237500000000008 0.6163781250000002 0.1325861778340971 0.6181544128636214
0 0.1066046875000001 0.5860578125 0.09415000000000007 0.5860578125 0.09415000000000007 0.599559375 0.1066046875000001 0.599559375
0 0.13547187500000005 0.40909843749999997 0.06366093750000004 0.359653125 0.0574445909173904 0.368681315001269 0.1292555284173904 0.418126627501269
0 0.1249921875 0.41951406250000006 0.05549843750000001 0.3697187500000001 0.04922910965547973 0.3784681498937176 0.11872285965547973 0.42826346239371754
0 0.06135000000000013 0.4046437500000001 0.04008247429142664 0.39202947775141217 0.034951100379672265 0.400680918313174 0.05621862608824575 0.41329519056176184
0 0.052335937500000075 0.414059375 0.03180293439550772 0.4010121759001134 0.026274209264351422 0.40971299585486565 0.046807212368843776 0.42276019495475214
0 0.042748437500000035 0.4242796875 0.023325562805564436 0.4104720647615922 0.017856250000000018 0.418165625 0.03727912469443562 0.43197324773840773
0 0.03511562500000005 0.4338640625 0.01562870809337038 0.41981961286612074 0.009387136589528566 0.4284799013382834 0.028874053496158236 0.4425243509721627
0 0.025581250000000156 0.44342187500000013 0.006514062500000151 0.4304890625000001 0.0004244730048025058 0.43946710534280503 0.01949166050480251 0.4523999178428051
0 0.08219218750000004 0.41229531250000007 0.07300494743695578 0.40522207756330564 0.06766875000000003 0.412153125 0.07685599006304429 0.4192263599366945
0 0.07396875 0.4216046875 0.06447656250000003 0.41487968750000004 0.05932674329546437 0.42214854244134636 0.06881893079546435 0.42887354244134634
0 0.06771406250000003 0.43090781249999993 0.059691937217021526 0.4236225029428587 0.05264249261157701 0.43138490855606404 0.0606646178945555 0.4386702181132054
0 0.05763750000000005 0.44034531250000003 0.04921535695313053 0.4338564692931633 0.04397629445313052 0.44065646929316327 0.05239843750000004 0.4471453125
0 0.05064843749999999 0.45053593749999993 0.04088224877104389 0.4431086177250732 0.03590625000000003 0.4496515625 0.04567243872895612 0.4570788822749268
0 0.042154687500000065 0.45995468749999996 0.03142235326162366 0.4517153066074634 0.025769922354879425 0.4590779687469767 0.03650225659325583 0.4673173496395132
0 0.029237500000000072 0.47668125000000006 0.02122031250000007 0.46983437500000014 0.014653942146645216 0.4775231121709411 0.022671129646645215 0.48436998717094115
0 0.24261406250000003 0.22997187500000002 0.186495342051751 0.1914308074965055 0.17636285594079973 0.20618447656534186 0.2324815763890488 0.24472554406883637
0 0.23977500000000007 0.2041093750000001 0.19538414793660458 0.1759542450708539 0.18651179065286605 0.18994286812559288 0.23090264271626154 0.21809799805473912
0 0.30477968750000006 0.18930625000000006 0.2908660907310387 0.17711191403146248 0.24467488847868224 0.22981554332878606 0.25858848524764355 0.24200987929732368
0 0.2772125 0.18683125000000006 0.2597692921345083 0.17152671736389644 0.23552187500000002 0.19916250000000005 0.25296508286549174 0.21446703263610364
0 0.26495156249999996 0.16966406249999993 0.24481051553469677 0.1539711013621677 0.2346145797755114 0.16705702053174354 0.2547556267408146 0.18274998166957576
0 0.240684375 0.15115000000000006 0.2311380055071599 0.14374652604851854 0.2198286305071599 0.15832933854851855 0.22937500000000002 0.16573281250000005
0 0.30113593750000006 0.17254375000000008 0.25670298205019737 0.1405683225311648 0.2475115246367104 0.15334074342124587 0.2919444800865131 0.18531617089008118
0 0.42768437499999995 0.34512968750000006 0.3912719128913464 0.3203459066642701 0.37730174129436717 0.34087095678870616 0.4137142034030207 0.3656547376244361
0 0.4723250000000001 0.3329000000000001 0.41505285431224576 0.293287938547659 0.4022545271035486 0.31179209191867063 0.4595266727913029 0.3514041533710117
0 0.5024046875000001 0.4015250000000001 0.45499353592129105 0.3694722783547372 0.4443272013420952 0.38524950972748156 0.4917383529208042 0.41730223137274436
0 0.5049406249999999 0.3570125 0.48304843750000004 0.33852812499999996 0.46697247504011496 0.35756788070798373 0.4888646625401149 0.3760522557079838
0 0.5309140625000002 0.37620468750000013 0.5182546875 0.3662015625 0.5072972311616405 0.38006868390790216 0.5199566061616406 0.3900718089079022
0 0.3808109374999999 0.07060781250000003 0.33736858979031253 0.04079125923874174 0.3273060897903125 0.05545219673874173 0.3707484374999999 0.08526875000000003
0 0.3970031249999999 0.04961562500000012 0.34099942207695993 0.010328120156289056 0.3289496943592848 0.027504812188239903 0.38495339728232475 0.06679231703195096
0 0.6473406249999999 0.06265781249999999 0.6462452507745431 0.03990870841223151 0.6190703124999999 0.041217187499999995 0.6201656867254567 0.06396629158776848
0 0.7065812499999999 0.06797187500000001 0.7029860647242726 0.04654484784223538 0.6774953125000001 0.050821874999999996 0.6810904977757274 0.07224890215776462
0 0.7510137021054301 0.11530011800063752 0.6664472632302593 0.05775951906756305 0.643552065166481 0.09140820197139221 0.7281185040416519 0.1489488009044667
0 0.9262593750000002 0.08949531250000005 0.9244468750000001 0.07516093750000004 0.8677019323143258 0.08233601200571039 0.8695144323143259 0.0966703870057104
0 0.9319140625000001 0.10615624999999995 0.9302795757859001 0.09100194011477117 0.8571985107204382 0.09888418818851502 0.8588329974345381 0.1140384980737438
0 0.9328601355560868 0.1215512483501219 0.9309256238228573 0.10746980247800972 0.8818109374999998 0.11421718750000005 0.8837454492332295 0.12829863337211223
0 0.9266109375000001 0.13878906250000003 0.9252293008591858 0.12577662068638756 0.8999921874999999 0.12845625 0.9013738241408141 0.14146869181361246
0 0.7720546875000001 0.25650468750000005 0.7149876179352714 0.22009056096715102 0.6878892492808256 0.262558268868888 0.744956318845554 0.29897239540173703
0 0.82804375 0.30960937499999996 0.791378125 0.28379062499999996 0.7769402935828706 0.3042940232107454 0.8136059185828707 0.3301127732107454
0 0.8443828124999998 0.2872234375000002 0.8068954732801584 0.26273281830258016 0.7942629068895407 0.2820692547431968 0.831750246109382 0.3065598739406168
0 0.6659906250000001 0.32152656250000006 0.6418697684134642 0.3067618497635935 0.6297713831247063 0.3265267731785416 0.6538922397112421 0.3412914859149481
0 0.6685156250000001 0.37881250000000016 0.6506182835750374 0.3619444547744971 0.6281104710750374 0.38582570477449707 0.6460078125 0.4026937500000002
0 0.7178578941145821 0.3755031088932839 0.6868549492670378 0.35237819018866456 0.6679908051524557 0.37766883129538065 0.69899375 0.40079374999999995
0 0.8727281250000003 0.6269062500000001 0.8727165736929315 0.6134010393405954 0.8361806896505325 0.6134322892948719 0.8361922409576013 0.6269374999542767
0 0.8683234375000002 0.6418015625000001 0.8679591903360917 0.6301682699088976 0.8221482528360917 0.6316026449088976 0.8225125000000002 0.6432359375000001
0 0.8779562500000001 0.6560781249999998 0.8770400138461163 0.6435322037250527 0.8373632831845216 0.646429819157461 0.8382795193384055 0.6589757404324081
0 0.8877218750000001 0.670090625 0.8868336012830202 0.6566240602529557 0.8474734375 0.6592203124999999 0.8483617112169799 0.6726868772470442
0 0.9984296875 0.66015625 0.9951526258901661 0.6468390614646786 0.9565572107850697 0.656336528052394 0.9598342723949038 0.6696537165877153
0 1.0011575100427 0.6744759945435679 0.9979326210893855 0.6615812352929585 0.942653125 0.6754062500000002 0.9458780139533142 0.6883010092506096
0 0.9883953125000001 0.7067890625000002 0.9801276218236381 0.6795331052666992 0.9246825424583716 0.6963515483613445 0.9329502331347335 0.7236075055946455
0 0.9319921875000002 0.9433140625000002 0.931169544628973 0.9333526880795857 0.8995484375000002 0.9359640625000001 0.9003710803710275 0.9459254369204146
0 0.9162054576973597 0.9618828967488433 0.9157671875 0.9498359375 0.8814887897708639 0.951082990787689 0.8819270599682236 0.9631299500365322
0 0.9627171875000002 0.9609921874999999 0.9608671875000004 0.9482640625000002 0.9424613593787718 0.9509393019421232 0.9443113593787718 0.9636674269421229
0 0.9507593749999999 0.9747703125000001 0.9500317297144489 0.9631827518106615 0.9117891565354483 0.965584208754627 0.9125168018209993 0.9771717694439657