0 0.29533750000000014 0.9938437500000001 0.25499553240784417 0.9571015709688897 0.24831562500000004 0.9644359375000002 0.28865759259215606 1.0011781165311107
0 0.27220156250000016 0.9951140625000002 0.24204087679779057 0.9664219162713028 0.23291875000000012 0.9760109375000001 0.26307943570220965 1.0047030837286974
0 0.25282968750000007 0.9984375 0.22768399388433186 0.9784048319051128 0.2198593750000002 0.9882265625000002 0.2450050686156684 1.0082592305948874
0 0.08742187500000007 0.707628125 0.048606250000000094 0.6749734375 0.04015226111246926 0.685022434674221 0.07896788611246923 0.7176771221742209
0 0.07040625 0.7208187500000001 0.031091670427672247 0.6881802917279336 0.02246651935329256 0.698569697545158 0.061781098925620316 0.7312081558172245
0 0.05285468750000009 0.7357984375000001 0.03903335028576076 0.7218260474200313 0.029783350285760735 0.7309760474200313 0.04360468750000006 0.7449484375000001
0 0.03422031250000006 0.6501250000000001 0.0012406250000001062 0.6313093750000001 -0.004909385425144119 0.6420890021419632 0.028070302074855835 0.6609046271419631
0 0.014132812500000069 0.6577718750000001 0.002107812500000028 0.6517875000000001 -0.0035754144113636422 0.6632073731879518 0.008449585588636399 0.6691917481879518
0 0.6368375000000002 0.6856968750000001 0.6027042068031289 0.6533453866309795 0.5891559802489075 0.6676398012804061 0.6232892734457788 0.6999912896494266
0 0.6654546875000003 0.7136281250000003 0.5804155053071611 0.6540355980060053 0.5546909906933173 0.6907447592954646 0.6397301728861563 0.7503372862894595
0 0.6979765625 0.6872203125000002 0.6808799286450218 0.6698677938484725 0.6655158661450218 0.6850052938484724 0.6826125000000001 0.7023578125000001
0 0.730916036379955 0.6555639839261709 0.6871418448841725 0.6200959038138804 0.6646046875 0.6479109375000001 0.7083788789957824 0.6833790176122907
0 0.8202437500000002 0.7639468749999999 0.7904720442808186 0.7381126811513307 0.7769421875 0.7537046874999999 0.8067138932191815 0.7795388813486691
0 0.799421875 0.7819187500000002 0.770927938578555 0.7549341205676285 0.7556671875000001 0.7710484375000002 0.784161123921445 0.7980330669323719
0 0.9841875 0.7258953125000003 0.9451372414577237 0.6889137673040944 0.9158902567878394 0.7197968011765516 0.9549405153301157 0.7567783463724576
0 0.8702781249999999 0.7047625000000001 0.8410402732078335 0.6795600895264161 0.8281031250000002 0.6945687500000002 0.8573409767921666 0.7197711604735841
0 0.8920140624999998 0.6837374999999999 0.8630957887244255 0.6591920886975026 0.8442858775546089 0.6813530602208295 0.8732041513301831 0.7058984715233269
0 0.9821046874999999 0.37652343750000006 0.967065625 0.3643546875000002 0.9582140008442925 0.37529419475458214 0.9732530633442925 0.387462944754582
0 0.9971890625000001 0.3638406250000001 0.9826125000000001 0.3504125000000001 0.9723133282743012 0.36159250617047317 0.9868898907743013 0.3750206311704732
0 0.878675 0.2867968750000002 0.8418187499999998 0.2539593750000001 0.8323217065990123 0.2646186945537921 0.8691779565990124 0.29745619455379224
0 0.8736859668014259 0.25676929781486285 0.8570593749999998 0.24066562500000016 0.8479827831985739 0.25003695218513733 0.8646093749999999 0.266140625
0 0.8904640625000002 0.24263593749999993 0.8703689643414773 0.22790893752441205 0.8628625000000001 0.23815156249999997 0.8829575981585231 0.2528785624755878
0 0.8972796874999999 0.22182031250000014 0.888468107923258 0.21276030072373792 0.8783753978673182 0.22257626123229998 0.88718697744406 0.2316362730085622
0 0.6639265625 0.3487937500000001 0.6060498341728634 0.2978026658048064 0.5737390625 0.3344765625 0.6316157908271366 0.38546764669519373
0 0.22478749999999997 0.33205937499999993 0.19282656250000005 0.301784375 0.18463327777668465 0.31043392284348764 0.21659421527668457 0.3407089228434876
0 0.23340468750000004 0.3107765625 0.20970313941320823 0.28666426459529476 0.19796251441320822 0.2982048895952948 0.2216640625 0.32231718750000005
0 0.25400625000000004 0.30270625 0.23913516161384712 0.2913588139493674 0.23115500342368772 0.30181700355729446 0.24602609180984064 0.31316443960792706
0 0.2860390625 0.2683390625 0.26452150139674235 0.24834450428688207 0.2554136888967423 0.25814606678688207 0.27693124999999996 0.278140625
0 0.17064375 0.27479687500000005 0.14620601622574286 0.2506799867457551 0.13655391196558522 0.2604605003752275 0.16099164573984237 0.28457738862947246
0 0.24197656250000002 0.22611093750000005 0.21223644350145593 0.19035743686072265 0.1598953125 0.23389531250000006 0.18963543149854412 0.26964881313927747
0 0.06314375000000001 0.10795468750000001 0.0552310861388912 0.09838914345276173 -0.007912663861108792 0.15062195595276173 0 0.1601875
0 0.02885625000000001 0.11508437500000004 0.020570312500000014 0.10561875000000005 -0.008001461946917565 0.13062966447540517 0.00028447555308243057 0.14009528947540514