0 0.2142671875000001 0.8695812500000001 0.17311888000077064 0.8344440337361496 0.11368763000077062 0.9040424712361496 0.15483593750000008 0.9391796875
0 0.04926562500000013 0.9540374999999998 0.0007812500000001776 0.9086812500000001 -0.008959062299839716 0.9190933311169915 0.03952531270016024 0.9644495811169914
0 0.03284375000000006 0.9688953125000002 0.023792579277771165 0.9591471487664223 0.012844141777771156 0.9693127737664223 0.021895312500000052 0.9790609375000002
0 0.3886531250000001 0.6967593750000001 0.28899462392156117 0.6329785715124915 0.2794221361693691 0.647935733053456 0.37908063724780805 0.7117165365409646
0 0.37848750000000003 0.7108359375 0.2765967028276437 0.6497027120228889 0.2690066742225271 0.6623530189402931 0.37089747139488344 0.7234862444174041
0 0.5612554411272279 0.7122057102625798 0.5150965235060891 0.7116064280102965 0.5148848323788613 0.7279116552477168 0.5610437500000001 0.7285109375000001
0 0.5584015625000001 0.6983984375000001 0.4929776489841853 0.6950154773620584 0.49236562500000003 0.7068515625 0.5577895385158148 0.7102345226379417
0 0.5433765625 0.6764 0.46726875594620854 0.6762087902372615 0.46722387336655896 0.6940735406594378 0.5433316799203505 0.6942647504221764
0 0.5337718919992627 0.6696895263198469 0.532827883232199 0.654856584171714 0.471234375 0.6587765625 0.4721783837670636 0.673609504648133
0 0.5351871685772218 0.6393114500202699 0.4918375000000001 0.6371171875000001 0.4909775986117686 0.6541053280914682 0.5343272671889904 0.6562995906117379
0 0.6567406250000002 0.6459250000000002 0.5854308361244397 0.59011691066856 0.5765823986244396 0.60142316066856 0.6478921875000002 0.6572312500000003
0 0.6341621338993134 0.5959082771403408 0.5800546875 0.5540015625000001 0.5721550536006865 0.5642010978596592 0.6262624999999999 0.6061078125
0 0.6308491952723305 0.5632150091933682 0.5957843750000001 0.5343390625 0.5867742422276696 0.5452803033066317 0.6218390625000001 0.5741562499999999
0 0.6419921875000001 0.5476109375000001 0.6067356098106552 0.5197035656486938 0.5973965473106553 0.5315020031486938 0.6326531250000001 0.5594093750000001
0 0.760934375 0.5444046875000002 0.7282406250000001 0.5382453125000001 0.7257247322539915 0.5515995843968761 0.7584184822539914 0.5577589593968761
0 0.7179640491825016 0.5139265847636184 0.683774370867994 0.5088612925748552 0.6820571478686898 0.5204521938995079 0.7162468261831973 0.525517486088271
0 0.7306703245680756 0.4741183059925717 0.6765968750000001 0.46717343749999996 0.6747795513673217 0.4813233033909986 0.7288530009353972 0.4882681718835703
0 0.7233102785706597 0.4562919774687669 0.6799125000000001 0.45390781250000006 0.6791584714293405 0.46763302253123323 0.72255625 0.47001718750000004
0 0.7058892188680403 0.4378450518320104 0.6700085532305504 0.43342156355387934 0.6680671874999999 0.4491687500000001 0.70394785313749 0.45359223827813117
0 0.644987916316882 0.40256776217807977 0.571467652682422 0.3568219999569532 0.5496289947014391 0.39191998093327984 0.6231492583358992 0.43766574315440643
0 0.2589765625 0.27017031250000006 0.2459914645117987 0.2595227953368712 0.2042711520117987 0.3104024828368712 0.21725625 0.32105000000000006
0 0.24981875000000003 0.3118921875000001 0.24056578400037304 0.3047420802492239 0.22326734650037303 0.32712801774922384 0.23252031250000002 0.3342781250000001
0 0.29827519681825404 0.2893719215084237 0.28966074799515173 0.2815527402370715 0.2595214886768977 0.3147573812286478 0.26813593750000003 0.3225765625000001
0 0.281856887280994 0.27581183839454304 0.26773228225096135 0.2672774321307152 0.25146601996996737 0.29419840623617227 0.265590625 0.30273281250000006
0 0.2182734375 0.276784375 0.20403776878014215 0.2659268248359319 0.180621875 0.2966281250000001 0.1948575437198579 0.3074856751640682
0 0.21929062500000002 0.24778281250000003 0.19612114515135876 0.2259455981887198 0.150603125 0.27424062500000007 0.17377260484864127 0.2960778393112803
0 0.9232515624999997 0.4212656250000002 0.9054049276632388 0.405402309963817 0.8880388436427127 0.4249395983144497 0.9058854784794736 0.44080291335063293
0 0.9428328125000002 0.3481890625000001 0.9105472068454373 0.31751852956101806 0.8524150923040391 0.37871181008481447 0.884700697958602 0.4093823430237965
0 0.5594671874999999 0.08363750000000003 0.5381671875 0.06452968750000006 0.5277963186720889 0.07609037797854153 0.549096318672089 0.0951981904785415
0 0.577009375 0.06390312499999999 0.5543786766389202 0.04356772554737063 0.538256131737241 0.061510055686142096 0.5608868300983207 0.08184545513877146
0 0.5503828125 0.0429156250000001 0.5243198212615481 0.027638247266831107 0.5127937499999999 0.0473015625000001 0.538856741238452 0.0625789402331691
0 0.5366 0.062337500000000066 0.5067409774977677 0.050461252358113454 0.5000419741744289 0.06730375152162274 0.529900996676661 0.07917999916350935