0 0.13014062500000012 0.8249437500000003 0.06157139273157179 0.7696783023936774 0.02252920523157176 0.8181189273936773 0.09109843750000009 0.8733843750000002
0 0.7715126489497877 0.8333217481689459 0.7557187477669544 0.822267885950278 0.7493546875 0.8313609375000002 0.7651485886828333 0.8424147997186682
0 0.800672803458883 0.8351522140353348 0.7897640625 0.8260125 0.7705350090411169 0.8489634109646653 0.78144375 0.8581031250000001
0 0.8271408257959253 0.8539946255415339 0.8105625000000002 0.8420578125 0.7922013617040748 0.8675584994584661 0.8087796874999998 0.8794953124999999
0 0.9409047648386114 0.4509864489897115 0.8946781249999999 0.4222125 0.8766311726613883 0.4512057385102885 0.9228578124999999 0.47997968750000003
0 0.9031312499999998 0.40295781250000007 0.883883281820886 0.3745598421038613 0.8395675715244497 0.40459675564809866 0.8588155397035632 0.4329947260442374
0 0.4734751118944477 0.5542811037243704 0.4475734375000001 0.5532453125 0.4470327006055525 0.5667673337756296 0.4729343750000001 0.567803125
0 0.4719953125 0.5471390625 0.4716597674870962 0.5343924440220089 0.4145878626954877 0.5358948184017559 0.41492340770839153 0.548641436879747
0 0.44759769355835805 0.5264729266439725 0.44607643462413477 0.5086758165508816 0.38899587730139246 0.5135549405964972 0.39051713623561574 0.531352050689588
0 0.41907231085592833 0.5095381256308702 0.41892500000000005 0.49688749999999987 0.3760401891440716 0.49738687436912965 0.3761875 0.5100374999999999
0 0.41657656249999997 0.479040625 0.38792812500000007 0.479040625 0.38792812500000007 0.49031250000000004 0.41657656249999997 0.49031250000000004
0 0.3053390625 0.31846250000000004 0.30242916903822825 0.302338844120254 0.25108854403822833 0.311604469120254 0.2539984375 0.32772812500000004
0 0.27908906250000004 0.301478125 0.2783764342205336 0.28763789519549626 0.2258779967205336 0.29034102019549624 0.226590625 0.30418124999999996
0 0.5991359375 0.22983281250000007 0.5201671874999999 0.17365156250000005 0.5058429128715011 0.19378586107949536 0.5848116628715012 0.24996711107949537
0 0.6117078125 0.20940312500000022 0.5320405743124117 0.15508455350846279 0.5193812499999998 0.17365156250000016 0.599048488187588 0.2279701339915376
0 0.6784953125000001 0.19800937500000002 0.6750930329954288 0.1841566846990016 0.6458875 0.1913296875 0.6492897795045712 0.2051823778009984
0 0.6863531250000001 0.18190156250000006 0.6816783930370318 0.165893549419145 0.62757349984764 0.18169350362132658 0.6322482318106083 0.1977015167021816
0 0.6486375 0.17090156250000005 0.6439950295497571 0.15910073191235924 0.6179937499999999 0.16932968750000005 0.6226362204502428 0.18113051808764086
0 0.6839968749999998 0.16657968750000002 0.6768278708829166 0.13710535506281812 0.6374681341831672 0.14667877339380833 0.6446371383002504 0.17615310583099025
0 0.6168140624999999 0.14379218750000003 0.6107873136099988 0.12985561158061643 0.580480666640468 0.14296145278865918 0.5865074155304691 0.15689802870804279
0 0.6403874999999999 0.11550468750000006 0.5943717009966986 0.09088340961437236 0.5874461535167939 0.10382687267520482 0.6334619525200952 0.12844815056083253
0 0.6293859375 0.12886249999999994 0.5821899825991694 0.10129608892090369 0.5751002034953954 0.11343437177094481 0.6222961583962259 0.14100078285004108