0 0.41206718749999993 0.7676421874999999 0.3656360295227098 0.728804807942657 0.35070156249999995 0.7466593750000001 0.3971327204772901 0.785496754557343
0 0.39234843750000004 0.7865828125000002 0.34532500000000005 0.7462359375000002 0.3286261093006538 0.7656981447495094 0.3756495468006537 0.8060450197495094
0 0.6302593750000001 0.7016578125000001 0.587340351132255 0.6620748991676881 0.5539656250000001 0.6982625 0.5968846488677452 0.737845413332312
0 0.7261340536336796 0.8498485533995312 0.6807500000000001 0.8090562500000003 0.6654096963663205 0.8261233216004691 0.71079375 0.8669156250000001
0 0.7076453125000002 0.8708296875 0.6588137984427085 0.8285782364367982 0.6380537063351827 0.852571417832223 0.6868852203924743 0.8948228688954248
0 0.6704780897659314 0.8880380977585869 0.6349466372309649 0.8554012613514747 0.6182535502943829 0.8735748863545394 0.6537850028293494 0.9062117227616516
0 0.8582078125000002 0.9823562500000002 0.8119618389816088 0.9426774396248471 0.7968109374999999 0.9603359375 0.8430569110183914 1.000014747875153
0 0.813303125 0.9984375 0.7821765625000001 0.9747390625 0.7724310563823737 0.987539235729329 0.8035576188823738 1.0112376732293291
0 0.78911875 0.5472234375000002 0.7554171875 0.5187500000000002 0.7463369991874932 0.5294974390447491 0.7800385616874932 0.5579708765447491
0 0.7742203125 0.56076875 0.741340625 0.532475 0.722566972333823 0.5542915436853524 0.755446659833823 0.5825852936853524
0 0.9605499999999999 0.4778093750000001 0.9345287825417874 0.4541464606189535 0.9132381575417874 0.4775589606189534 0.939259375 0.501221875
0 0.9982546874999999 0.4272750000000001 0.9737343749999999 0.4087281250000001 0.9601287362178486 0.42671576521973903 0.9846490487178485 0.44526264021973905
0 0.8750421875000001 0.4059109375000002 0.8455766241955457 0.37593209675508643 0.8254644976140326 0.39569987710447563 0.8549300609184872 0.42567871784938943
0 0.9137119803747427 0.3431669895758365 0.8914828125000002 0.3230171875 0.8760649081491791 0.340026147826321 0.8982940760239216 0.3601759499021575
0 0.2652875 0.3232218750000001 0.25603540189717344 0.314023658530206 0.18668383939717348 0.383781471030206 0.19593593750000005 0.3929796875000001
0 0.24025312500000004 0.37837656250000007 0.22874062500000006 0.36725312500000007 0.19971617770192165 0.39729275524192187 0.2112286777019216 0.40841619274192187
0 0.2798675867928394 0.33404007828822674 0.27006875 0.32436718750000004 0.23129647570716064 0.3636442967117734 0.24109531250000002 0.3733171875000001
0 0.047921875000000023 0.5756906250000002 0.025073866329669015 0.5536798858596678 -0.021876133670330943 0.6024158233596677 0.0009718750000000664 0.6244265625000001