0 0.09448281250000001 0.32154531250000007 0.05763887448803795 0.29621654384891605 0.04825781250000003 0.30986250000000004 0.08510175051196209 0.335191268651084
0 0.10642968750000001 0.30707812500000004 0.06958662398260107 0.281748740180579 0.060204687499999986 0.2953953125 0.09704775101739893 0.32072469731942105
0 0.12091718750000005 0.296675 0.08407273104604226 0.27134410416812293 0.07469062500000001 0.284990625 0.11153508145395778 0.31032152083187714
0 0.13337187499999997 0.28373124999999993 0.09652920899146726 0.258401585115487 0.08714687500000004 0.27204843749999996 0.12398954100853277 0.29737810238451295
0 0.14836718750000003 0.27129531250000005 0.1115221884413959 0.24596581442078272 0.10214062500000005 0.2596125 0.13898562405860418 0.2849419980792173
0 0.15929843750000006 0.2563203125000001 0.12245471049243677 0.2309899181690926 0.11307187500000002 0.24463750000000006 0.14991560200756332 0.26996789433090757
0 0.02952810752122914 0.17582469346146412 0.0015234375000000243 0.15594687499999998 -0.005654670021229069 0.16605968153853587 0.022350000000000047 0.1859375
0 0.020223091087007133 0.20627261859916496 0.017682466087007135 0.17731949359916493 0.0005078124999999961 0.1788265625 0.003048437499999995 0.20777968750000003
0 0.6895187350754837 0.09355162871135558 0.6588325585599024 0.05163247053274045 0.5825672607221597 0.10746112962676384 0.6132534372377407 0.149380287805379
0 0.5833015625 0.012203125000000092 0.5557715266217251 -0.020460338289753955 0.509778125 0.01830468750000005 0.5373081608782748 0.0509681507897541
0 0.8910046875 0.10080000000000008 0.8420335937499999 0.0518289062500001 0.825075 0.06878750000000004 0.87404609375 0.11775859375000004
0 0.8736640624999998 0.11871093750000003 0.8211424709766095 0.06700246122561052 0.796115381706256 0.09242310121317807 0.8486369732296464 0.1441315774875676
0 0.6063328125000002 0.9823015625000003 0.504331168999494 0.9067869275910821 0.47376562500000025 0.9480734375000004 0.5757672685005064 1.0235880724089186
0 0.8144078124999998 0.9975375 0.8141095821031928 0.9701212446112117 0.7547861446031929 0.9707665571112118 0.7550843749999999 0.9981828125
0 0.3480750000000001 0.727984375 0.2870584141686336 0.6865951570375379 0.2737874364370868 0.7061594250205058 0.3348040222684533 0.747548642982968
0 0.36105937500000007 0.7137421875000001 0.30131279593832605 0.6696004748049813 0.2894343750000001 0.6856781250000001 0.34918095406167415 0.7298198376950189
0 0.9984375 0.9984375000000002 0.9910578125 0.9560343750000001 0.9485369802305431 0.963434547850197 0.9559166677305431 1.005837672850197