0 0.7017233204214026 0.9089236959169611 0.6417311250000002 0.8465313765625002 0.6289734295785978 0.8587983056455393 0.6889656250000002 0.9211906250000002
0 0.7006335446391626 0.878425084163775 0.6470499999999999 0.8195328125000001 0.6339367678608372 0.8314639783362253 0.6875203124999999 0.8903562500000003
0 0.7135375000000002 0.8580765625000002 0.6605406250000001 0.8060421875000001 0.6481430196637374 0.8186691161467887 0.7011398946637375 0.8707034911467888
0 0.7809890625000001 0.9322734374999999 0.7586657819036482 0.9119337692541312 0.7361828125000001 0.9366093750000001 0.758506093096352 0.9569490432458689
0 0.8128473474402869 0.9207434572219062 0.7814959985671573 0.8908849528719747 0.7636453125 0.909628125 0.7949966613731296 0.9394866293499315
0 0.8638578125 0.8865015625000001 0.8240512199108713 0.8477586822047305 0.7888809074108712 0.8838946197047306 0.8286875 0.9226375000000002
0 0.9441811834195974 0.9096913897022028 0.910109375 0.8763843750000003 0.8649563165804025 0.9225742352977979 0.8990281249999998 0.9558812500000003
0 0.8123207158962338 0.7689578671501716 0.7720911193223674 0.7296981319089383 0.7537672784261336 0.7484746397587667 0.7939968749999998 0.787734375
0 0.4604765625000001 0.6648250000000001 0.4162062500000001 0.6312281250000001 0.4060255879967344 0.6446430955394163 0.45029590049673435 0.6782399705394162
0 0.5426890625 0.6051406250000003 0.47668125000000006 0.5517812500000001 0.4666663298492648 0.56417013145733 0.5326741423492648 0.61752950645733
0 0.5276703125 0.5656140625000001 0.49328281249999995 0.5351796875000001 0.4821893994366201 0.547714025455584 0.5165768994366201 0.578148400455584
0 0.13197656250000003 0.2405953125 0.09701066005684911 0.2085560460762365 -0.02445496494315087 0.34111698357623654 0.01051093750000005 0.37315624999999997
0 0.1147640625000002 0.96346875 0.05069951668981556 0.9147975328031276 0.009304687500000153 0.9692843750000002 0.07336923331018479 1.0179555921968726