0 0.432834375 0.2780671875 0.37966311667236774 0.2628763090579872 0.35893125 0.33544218750000004 0.4121025083276323 0.3506330659420128
0 0.4799953125 0.257159375 0.4536313472005826 0.23229150958661723 0.44147665970058264 0.2451774470866172 0.467840625 0.2700453125
0 0.5004156249999999 0.24646250000000003 0.4678399357454553 0.21752454496257792 0.4554917950324314 0.23142494650161813 0.48806748428697605 0.26036290153904024
0 0.4330765625 0.20948281250000003 0.4005909833969875 0.1809357421109082 0.3864015625 0.19708281250000007 0.4188871416030125 0.22562988288909186
0 0.4619484375 0.4069671875000001 0.43128880249267104 0.37301544727346636 0.398984375 0.40218750000000003 0.4296440100073289 0.4361392402265338
0 0.5635640625 0.3936671875 0.4808456438806072 0.3236702377167256 0.44940156579397816 0.3608290628130179 0.5321199844133709 0.43082601259629233
0 0.6174328125 0.4476265625000001 0.5796649810767999 0.4107941231720715 0.5267421875 0.4650609375000001 0.5645100189232002 0.5018933768279287
0 0.5428000000000001 0.19861406249999997 0.5073057417125855 0.1760929389641857 0.49916814582287294 0.18891813970911006 0.5346624041102876 0.21143926324492432
0 0.34794843750000004 0.08719531249999998 0.31212985523109327 0.04650801180600992 0.3012166230423835 0.05611534623969279 0.3370352053112903 0.09680264693368286
0 0.33171406249999996 0.09833437500000002 0.29655309801269814 0.05670251009280021 0.28350153906772135 0.06772544652841717 0.3186625035550231 0.10935731143561697
0 0.356065625 0.04773906250000004 0.33912489620453357 0.028515518115894988 0.3200592712045336 0.04531708061589497 0.337 0.06454062500000002
0 0.389590625 0.35647656250000004 0.36652103424116583 0.3315691973388296 0.3347955606351288 0.3609538266637516 0.35786515139396297 0.38586119182492207
0 0.23588125000000004 0.59834375 0.19496569236638384 0.5483925191380895 0.12637031250000005 0.6045796875 0.16728587013361626 0.6545309183619106
0 0.13207031250000006 0.4755218750000001 0.09589098341879443 0.44838355777419825 0.08094450751096197 0.46830938685101575 0.11712383659216759 0.4954477040768177
0 0.11313125000000009 0.4957968750000001 0.0732151508900778 0.4634511622733138 0.057656250000000096 0.4826515625000001 0.09757234910992238 0.5149972752266864
0 0.355790625 0.6954390625000002 0.31738867076688804 0.6511784741668951 0.25068155822998056 0.7090557771838852 0.28908351246309255 0.7533163655169902
0 0.3669875 0.740096875 0.3491293269397686 0.7209004258849657 0.32463125000000004 0.7436906249999999 0.34248942306023145 0.7628870741150342
0 0.4915363049715996 0.8050437026398456 0.4366730340525088 0.7520834215127113 0.3852398540809092 0.8053647188728661 0.4401031250000001 0.8583250000000001
0 0.9654812500000001 0.30959687500000027 0.9406548088844946 0.2920703653234583 0.9321923254587434 0.3040575407701219 0.9570187665742486 0.3215840504466639
0 0.9538500000000001 0.323465625 0.9284484375000002 0.3032765625 0.9166026838057861 0.3181807044245288 0.9420042463057863 0.3383697669245288
0 0.9984375 0.393609375 0.9962843749999999 0.3423203125 0.9680371493247524 0.34350613662735696 0.9701902743247525 0.39479519912735694
0 0.6628096901934091 0.3054398715476984 0.6232406942332147 0.26410177932182305 0.5616406249999999 0.323065625 0.6012096209601943 0.3644037172258754
0 0.053052485580441865 0.3198591919825448 0.027318806642630578 0.29169843872817836 -0.0009352414378112073 0.31751737174563366 0.024798437500000083 0.34567812500000006
0 0.12997812499999997 0.6959828124999999 0.08408775950833416 0.6574201446572046 0.06737935168932307 0.6773034925812635 0.11326971718098888 0.715866160424059
0 0.1075890625 0.7147093750000002 0.06370380376706075 0.6757977153630887 0.04457255376706075 0.6973742778630889 0.0884578125 0.7362859375000002
0 0.1670734375000001 0.7619718750000001 0.1273637000810821 0.7279979885415925 0.11248444249411937 0.7453893285783021 0.15219417991303735 0.7793632150367097
0 0.21283593750000004 0.7124890625000001 0.18024539273697612 0.6769134867330517 0.14047500000000007 0.713346875 0.173065544763024 0.7489224507669483
0 0.9585968749999999 0.823175 0.9073435859454513 0.7729110694231098 0.8439156249999998 0.8375874999999999 0.8951689140545485 0.8878514305768899
0 0.8956359375000001 0.9598531250000002 0.8646807413216244 0.9217226010932281 0.809778125 0.9662937500000002 0.8407333211783756 1.0044242739067724
0 0.7751203125000001 0.9567390625000002 0.7439080962257082 0.9540208187652691 0.7423093750000003 0.9723781250000002 0.7735215912742922 0.9750963687347312
0 0.8014906249999999 0.974815625 0.7294312500000002 0.974815625 0.7294312500000002 0.9984375 0.8014906249999999 0.9984375
0 0.4585000000000001 0.7023109375000002 0.42434518536831317 0.6661907945790394 0.3820734375 0.7061625000000001 0.4162282521316869 0.7422826429209609
0 0.959378125 0.04194375000000008 0.9007931283139158 -0.0044533381307879875 0.8733440472516438 0.030206257715748475 0.931929043937728 0.07660334584653654
0 1.0085303986090295 0.27550500793809324 0.9982984374999999 0.235540625 0.968519561304036 0.2431648213645404 0.9787515224130656 0.2831292043026336
0 1.0127192800906464 0.7680119741768914 0.992417945624488 0.7503756758573875 0.9610564780338416 0.7864762016804958 0.9813578125 0.8041124999999998