0 0.6749156250000002 0.8691375000000002 0.6493068446566235 0.8472158996400243 0.6164959071566234 0.8855455871400242 0.6421046875000002 0.9074671875000002
0 0.6854031250000001 0.8088171875000004 0.6577162972601631 0.7844394821587575 0.6452621511342261 0.7985842014261697 0.6729489788740631 0.8229619067674125
0 0.695903125 0.7909906250000001 0.6715870104432374 0.7700197262520391 0.6605870104432375 0.782774413752039 0.6849031250000002 0.8037453125
0 0.7350828125000002 0.7960890625000002 0.6878750000000002 0.7529984375000002 0.6770411139053654 0.764867470808333 0.7242489264053653 0.807958095808333
0 0.7526906250000001 0.7765875 0.7028484375000001 0.734059375 0.691597802134713 0.7472449146251486 0.7414399896347129 0.7897730396251486
0 1.029054849885245 0.898155076496385 0.9766471140696182 0.8533613458768095 0.9427032016843733 0.8930750193804246 0.9951109375 0.9378687500000001
0 0.421092968427254 0.5423171635790623 0.36285156249999995 0.4844093750000001 0.35186328157274593 0.4954609614209379 0.41010468749999995 0.5533687500000002
0 0.4371947000107653 0.5260954353161125 0.38029375 0.46800937499999995 0.3689068624892347 0.4791639396838874 0.4258078125000001 0.53725
0 0.29165312499999996 0.4426187500000001 0.2539856362153133 0.40688574421782386 0.24229657371531327 0.4192076192178237 0.27996406249999994 0.454940625
0 0.31385312500000007 0.4190171875 0.27775000000000005 0.3858796875 0.26119856071402253 0.4039123900717557 0.2973016857140226 0.43704989007175576
0 0.3573633795248696 0.38734575656928727 0.3248241770966492 0.35600746284537993 0.2929732975717796 0.3890788937760928 0.3255125 0.4204171875000001
0 0.06522187500000001 0.15653125 0.0002515625000000188 0.09348125000000003 -0.0355191265945629 0.13034140620640916 0.029451185905437095 0.19339140620640913
0 0.312846875 0.13427812500000008 0.29072499999999996 0.11373125000000002 0.2422244044936907 0.16594960978542408 0.2643462794936908 0.18649648478542413
0 0.7694083007725938 0.21502594587206753 0.712965625 0.1606921874999999 0.6606698242274064 0.21501780412793225 0.7171125000000002 0.2693515624999999
0 0.7780249999999999 0.09402500000000007 0.7227486589834345 0.04178425471312082 0.6717658464834346 0.09572956721312079 0.7270421874999999 0.14797031250000003
0 0.8097843749999998 0.03341093750000006 0.763706864223677 -0.0071403821250611175 0.753087951831137 0.004925638283747124 0.7991654626074597 0.045476957908808305
0 0.8287640624999998 0.013653125000000044 0.7954945745890811 -0.009827109663242694 0.7866234015539575 0.0027425851579825355 0.8198928894648763 0.026222819821225273