0 0.48319843750000013 0.9984375 0.4349287276247852 0.9607033130861773 0.42336406249999997 0.9754968750000002 0.4716337723752148 1.013231061913823
0 0.464746875 0.9407765625 0.4272049856020706 0.9142546524564669 0.41740830091724257 0.9281219060705735 0.454950190315172 0.9546438161141069
0 0.4752484375 0.9205093749999997 0.4451709103788085 0.8974527115310733 0.4351003512796382 0.9105898037577551 0.46517787840082986 0.9336464672266818
0 0.5828109375 0.9482843750000003 0.5249345692512046 0.9040338855102629 0.5144139415534192 0.9177940886146088 0.5722903098022146 0.9620445781043461
0 0.6050296874999999 0.9304125000000001 0.5363619563092453 0.878652655674897 0.5237406250000001 0.8953968750000001 0.5924083561907546 0.9471567193251029
0 0.6768828124999999 0.8438703125000002 0.6547852078311152 0.8180873881556583 0.5993468750000001 0.8656015625000002 0.6214444796688847 0.8913844868443419
0 0.72875625 0.8305250000000001 0.7110106262978493 0.8073522976823073 0.6785147509336353 0.8322375945363147 0.6962603746357859 0.8554102968540075
0 0.8196125000000001 0.8847984375000001 0.7934313772743606 0.8554112260680787 0.705834375 0.9334515625000002 0.7320154977256393 0.9628387739319215
0 0.8466296874999996 0.9326718749999998 0.8139741880765603 0.896738241426343 0.756326618687277 0.9491267694357817 0.7889821181107163 0.9850604030094384
0 0.9277296874999997 0.9847437500000001 0.8885229809128934 0.937005871634983 0.8161320668529288 0.9964599031991789 0.8553387734400353 1.044197781564196
0 0.9695874999999999 0.6429796875000002 0.8985198415248904 0.5821783534720197 0.8742828125 0.6105078125000003 0.9453504709751094 0.6713091465279808
0 0.8087203125 0.5608484375 0.7776533491600375 0.5361746394911184 0.7683368804892601 0.5479050747710363 0.7994038438292226 0.5725788727799179
0 0.7942812499999998 0.5803375 0.7625421874999998 0.555315625 0.7528215030242816 0.5676458525356102 0.7845605655242817 0.5926677275356101
0 0.7720265625 0.5959593750000002 0.7598710307736269 0.5880838439289782 0.7514864393304449 0.6010250876852613 0.763641971056818 0.6089006187562832
0 0.7388812499999999 0.46347812499999996 0.7032484189004324 0.4212577638059525 0.6308728549242205 0.48234076200786974 0.666505686023788 0.5245611232019172
0 0.6628781250000001 0.33961406250000004 0.6070232367886255 0.2981928639376516 0.5995094145243502 0.3083249633741154 0.655364302735725 0.34974616193646385
0 0.6738015625000001 0.32989999999999997 0.6208341750537738 0.2887271859217581 0.613579649315906 0.29805987993596983 0.6665470367621323 0.3392326940142117
0 0.6853406249999999 0.31964375000000017 0.6317920046054589 0.2788056273236893 0.6251842815071338 0.2874699446986332 0.6787329019016748 0.3283080673749441
0 0.5350316826675398 0.2449931687209402 0.5345859374999999 0.23228437500000004 0.4565480329305098 0.23502145765399513 0.45699377809804964 0.24773025137493526
0 0.5358950512161306 0.25728168128874407 0.535131217375468 0.2456620912900728 0.4575080411593374 0.2507647850013287 0.458271875 0.262384375
0 0.5286500000000001 0.2694234375000001 0.5279846955083745 0.2588409302269432 0.4609050080083743 0.2630581177269432 0.46157031249999997 0.273640625
0 0.5124401780597961 0.2840583339452002 0.512312911937584 0.27363463250686676 0.48917031250000004 0.27391718750000005 0.4892975786222122 0.2843408889383335
0 0.5529137930388057 0.20157577687520747 0.5322564317301369 0.20051277716381968 0.5317629511913311 0.21010262528861223 0.5524203125 0.21116562500000002
0 0.5623984375000001 0.19049375000000007 0.5396112146291777 0.18965651976672707 0.5392877771291777 0.19845964476672706 0.5620750000000001 0.19929687500000007
0 0.5596425016024187 0.17571159629337813 0.5388078124999999 0.17545312500000007 0.5386856233975812 0.185302466206622 0.5595203124999999 0.18556093750000008
0 0.561546875 0.1713390625 0.5615186475106015 0.16194595029252604 0.5393045472551732 0.16201270647147992 0.5393327747445716 0.17140581867895388
0 0.13022343750000004 0.5719828125 0.1086080960662 0.5468263754838265 0.03743281250000008 0.6079828125000001 0.0590481539338001 0.6331392495161735
0 0.141127560854391 0.6404129482329355 0.09579356579367784 0.6049520766006721 0.08075468750000007 0.6241781249999999 0.1260886825607132 0.6596389966322634
0 0.15002031250000006 0.6339593750000001 0.12007817340094076 0.6093704080188879 0.11150937500000002 0.6198046875 0.14145151409905932 0.6443936544811122
0 0.1692046875 0.618584375 0.11912656250000002 0.5810375 0.10927410077061354 0.594178215706485 0.15935222577061353 0.6317250907064851
0 0.18331093750000002 0.609515625 0.15481983968759855 0.5851923628046071 0.14540103682364794 0.5962250948253708 0.1738921346360494 0.6205483570207637
0 0.06912163506126072 0.7009503762903349 0.043737500000000075 0.6807953125000001 0.025188955482191668 0.7041561296191026 0.05057309054345231 0.7243111934094373
0 0.08140781250000009 0.711246875 0.07469739046712562 0.7036034377287737 0.061532362371806794 0.7151614438272608 0.06824278440468126 0.7228048810984872
0 0.09851250000000004 0.69511875 0.08096562499999997 0.6803515625000001 0.06951319548132355 0.6939597292013795 0.08706007048132362 0.7087269167013794
0 0.14459687500000004 0.31639375000000003 0.12751895721678447 0.29544461829052926 0.053218336718489787 0.35601514243965793 0.07029625450170533 0.3769642741491287
0 0.053451562500000036 0.29036718750000007 0.02820312500000004 0.28972656250000006 0.027911840474412763 0.301206725058451 0.053160277974412765 0.301847350058451
0 0.08664687500000001 0.28179687500000006 0.03808750000000004 0.2751921875 0.03657123947140738 0.2863401280506513 0.08513061447140735 0.29294481555065127
0 0.09810468750000004 0.2680796875 0.04866585419224794 0.2598513080391561 0.046735987983116095 0.2714465843962516 0.09617482129086818 0.27967496385709545
0 0.16506460462603095 0.05990215403153154 0.15087926783981973 0.04049800104783378 0.08440535646435009 0.08909351671656761 0.09859069325056127 0.10849766970026538
0 0.172140625 0.08966718750000002 0.15664752390492262 0.07099411816106424 0.106040625 0.1129828125 0.12153372609507737 0.13165588183893578
0 0.17972812499999996 0.11676718749999997 0.16843279911185097 0.10233714126616092 0.135075 0.12844843749999998 0.14637032588814902 0.14287848373383905
0 0.2130999999999999 0.09659218750000001 0.1818644097265884 0.06571296998024755 0.16732904638013968 0.08041608393300279 0.19856463665355115 0.11129530145275526
0 0.04375468750000015 0.970246875 1.7763568394002506e-16 0.935359375 -0.00871787879747501 0.946293034976966 0.03503680870252497 0.981180534976966
0 0.03114218750000015 0.98186875 0.000768750000000118 0.9576671875 -0.006533868076106231 0.9668321169842425 0.023839569423893803 0.9910336794842424
0 0.775225 0.4215328124999999 0.7319533100570024 0.3873955922065653 0.7169474521583863 0.40641673173509546 0.760219142101384 0.4405539520285301