0 0.05819843750000007 0.8596046875000003 0.025342080123498832 0.8190290857983218 -0.030934482376501204 0.8645993982983218 0.0019218750000000284 0.9051750000000001
0 0.43017343750000003 0.7976312500000001 0.3967533964112203 0.7618597660638712 0.35338750000000013 0.8023750000000002 0.3868075410887799 0.8381464839361291
0 0.2677531249999999 0.6736109375000001 0.23571101801893707 0.6367213899761984 0.1641671875 0.6988640625 0.1962092944810629 0.7357536100238017
0 0.21775937500000012 0.6253046875000001 0.18581946876357028 0.5892102695111722 0.13505316811423018 0.634133306730174 0.16699307435066002 0.670227724719002
0 0.08546562500000006 0.6424562500000001 0.06873792580812563 0.627025442072673 0.05538125000000003 0.6415046875 0.07210894919187445 0.6569354954273271
0 0.10930625000000012 0.6248125 0.09972610241992697 0.6153823744597136 0.08725266491992696 0.6280542494597136 0.09683281250000011 0.637484375
0 0.1321356329280094 0.6022359191523987 0.12207656250000007 0.5893703125 0.10571739526758557 0.6021608492994257 0.1157764656955949 0.6150264559518244
0 0.12839218750000003 0.5724 0.12107685404350006 0.565159412831749 0.111421875 0.5749140624999999 0.11873720845649997 0.582154649668251
0 0.15088593750000004 0.5553437500000001 0.14393552698724713 0.5479504104393479 0.12810427698724713 0.5628332229393479 0.13505468750000005 0.5702265625
0 0.10756718750000005 0.4635812500000001 0.06861371204783004 0.4300629170998967 0.061943324740183846 0.4378149365401017 0.10089680019235385 0.471333269440205
0 0.09596562500000008 0.4312187500000001 0.08416552986952441 0.4187153802816507 0.07499834236952438 0.42736694278165066 0.08679843750000005 0.4398703125000001
0 0.12125624999999995 0.4505140625000001 0.11351365607270794 0.4432597624232457 0.10390312500000003 0.4535171875 0.11164571892729205 0.46077148757675435
0 0.10862500000000005 0.4206953125000001 0.09805296235602365 0.40942931352257006 0.08874358735602361 0.41816525102257013 0.09931562500000002 0.4294312500000001
0 0.09939374999999999 0.37035624999999994 0.07209262353493343 0.33629626001706187 0.025811964735783777 0.3733929860993397 0.05311309120085035 0.4074529760822777
0 0.0750015625 0.263728125 0.04893802823261589 0.23769359415972174 0.015610937500000022 0.2710578125 0.041674471767384126 0.2970923433402783
0 0.09357656250000006 0.2957203125 0.06451797063872275 0.2712073316506015 0.04399375000000003 0.29553750000000006 0.07305234186127733 0.3200504808493986
0 1.0031240031384787 0.5592416540024547 0.9694679192740239 0.5232706998199514 0.9319624999999998 0.5583625 0.9656185838644546 0.5943334541825033
0 0.7257796875 0.5819531250000001 0.6908675310811393 0.5514428202214279 0.6810002994894357 0.5627336393479748 0.7159124559082964 0.593243944126547
0 0.741128125 0.5676937499999999 0.7062100461018769 0.5415315592417875 0.6987812330913504 0.5514466264170981 0.7336993119894736 0.5776088171753104
0 0.7602328125000001 0.5542046875000001 0.7266315998738502 0.525886418361302 0.7190266256919523 0.5349101462329017 0.7526278383181022 0.5632284153715997
0 0.7757875000000001 0.5383718749999999 0.7486537037620247 0.5180750461572934 0.7395597781503754 0.5302322519189443 0.7666935743883508 0.5505290807616509
0 0.7933718749999998 0.5237484375000001 0.7670876709688548 0.5041058537196579 0.7581598367287554 0.5160523990085653 0.7844440407599005 0.5356949827889075
0 0.65375625 0.4118015625000001 0.6235860161779019 0.383184310144714 0.5670375 0.44280156249999997 0.597207733822098 0.4714188148552861
0 0.3974812500000001 0.3017625 0.378892264375099 0.2871413963702446 0.3668562500000001 0.30244374999999996 0.38544523562490124 0.31706485362975534
0 0.41462343749999997 0.2855171875 0.37462754865249914 0.25808729909250105 0.3642640625 0.2731984375000001 0.4042599513475009 0.300628325907499
0 0.6142890624999999 0.20368437500000006 0.5946255841146763 0.18050251243192345 0.5238141962533139 0.240566633274574 0.5434776746386376 0.2637484958426506
0 0.49281397592707615 0.16432773954277408 0.4749867553608097 0.1503380250903705 0.46682234546549994 0.1607420069938102 0.48464956603176645 0.17473172144621377
0 0.532515625 0.17214218749999993 0.49437144760630203 0.14521199536237525 0.4876099954006701 0.15478897985073703 0.5257541727943682 0.1817191719883617
0 0.5320296875 0.1504187499999999 0.5026969042128285 0.12889084230040898 0.4956812500000001 0.13845 0.5250140332871716 0.15997790769959092
0 0.47106594188850853 0.12417618357463536 0.46999536042367235 0.10318027835188563 0.43934981513385163 0.10474289508210077 0.4404203965986878 0.1257388003048505
0 0.4598364411935313 0.13549031761558766 0.4596828125 0.12427812499999999 0.41404637130646876 0.12490343238441234 0.4142 0.13611562500000002
0 0.44051397347257193 0.15142295082471657 0.43969218750000005 0.1422390625 0.4276032140274282 0.14332079917528345 0.428425 0.1525046875
0 0.4070078125 0.013279687500000059 0.3834515030088366 -0.009411423070633118 0.32739995192998406 0.04877734122819442 0.35095626142114744 0.07146845179882759
0 0.3294066703125 0.05093070625000007 0.3108386244303432 0.03558478183637679 0.30298749999999997 0.045084375000000065 0.32155554588215673 0.060430299413623344
0 0.9157968750000001 0.15048750000000016 0.8858211057323009 0.11561542777304576 0.8361734375000001 0.15829218750000015 0.8661492067676992 0.19316425972695456
0 0.7826562500000002 0.014478124999999986 0.7489111555765469 -0.00965229982850122 0.7357450643209215 0.008759766919868416 0.7694901587443748 0.03289019174836962