0 0.35081843934462825 0.5477306116814883 0.31141406250000003 0.5118156250000001 0.30102084187892414 0.5232186191209285 0.3404252187235524 0.5591336058024167
0 0.40178172829315695 0.5427851511610806 0.36021562500000004 0.5048968750000001 0.3501335257979499 0.5159576468087411 0.39169962909110684 0.5538459229698216
0 0.41371266476071655 0.5510774083754779 0.4037671875 0.5446140625 0.3934326477392834 0.5605163416245221 0.40337812499999987 0.5669796875000002
0 0.4261422005050205 0.6047422878984416 0.3970265625000001 0.57968125 0.3866452994949796 0.5917420871015585 0.4157609375 0.616803125
0 0.39405362949115175 0.5622035537160387 0.38050624999999993 0.5520203125 0.37085105800884816 0.5648651962839614 0.38439843749999997 0.5750484375000001
0 0.6422546875 0.6226312500000001 0.596521875 0.5894593750000001 0.5823339448119271 0.6090197390449699 0.6280667573119272 0.6421916140449697
0 0.7559711938842272 0.45150547121462825 0.6572500000000001 0.3669859375000001 0.6175913502795185 0.4133083564269837 0.7163125441637455 0.49782789014161183
0 0.6248728534521145 0.3369493047565307 0.5530640625000001 0.27815312499999995 0.5112630840478852 0.3292053827434692 0.5830718749999998 0.38800156249999995
0 0.892092974767299 0.26186239849135184 0.7891953125 0.17311875000000013 0.7785644137259059 0.18544520547316204 0.8814620759932049 0.27418885396451376
0 0.8548203125000002 0.15873281250000004 0.8203359375000001 0.1324500000000001 0.8104213011145014 0.14545850276606384 0.8449056761145014 0.1717413152660638
0 0.9104125000000002 0.23621093749999994 0.8604171875000001 0.19155624999999982 0.8507117531410188 0.2024224378716651 0.9007070656410189 0.2470771253716652
0 0.9241573220583359 0.21710988949421695 0.8873300550236578 0.18642899563130116 0.8762296875000001 0.19975312500000014 0.9130569545346781 0.23043401886291592
0 0.7511703125 0.12255156250000007 0.7376759947634745 0.09872202458380634 0.713304980403159 0.11252297248704016 0.7267992981396846 0.13635251040323387
0 0.7316062500000001 0.09110937500000005 0.7206080863902817 0.07020794588268098 0.6905269405028969 0.08603640250066066 0.701525104112615 0.10693783161797973
0 0.14591475670224782 0.1947766208244018 0.06596093750000002 0.12867968750000003 0.05383836829775216 0.1433436916755982 0.13379218749999996 0.209440625
0 0.13460177848061106 0.21417034399854148 0.051412500000000014 0.1428125 0.02968058520160406 0.16814765883856614 0.1128698636822151 0.23950550283710764
0 0.11253639276770969 0.24228995615278173 0.05617343750000001 0.19755781249999999 0.046797982232290335 0.20937098134721827 0.1031609375 0.254103125
0 0.06166718750000001 8.326672684688674e-18 0.00483164903888543 -0.01445537566021752 -0.003483975961114566 0.018239936839782478 0.05335156250000002 0.032695312500000004