0 0.3405419568130751 0.877800499940531 0.2665159451538904 0.8205180035096731 0.24317031250000004 0.8506875 0.31719632415918475 0.907969996430858
0 0.354128125 0.8868640624999999 0.34295653415238714 0.8772480141440016 0.3009299716523871 0.9260730141440014 0.31210156250000004 0.9356890625000001
0 0.3108656250000002 0.9066406250000002 0.2947625914921305 0.8980140518350168 0.2854922789921305 0.915318739335017 0.3015953125000001 0.9239453125000002
0 0.4530109375000001 0.7947781250000003 0.40123026819239377 0.7500296578322715 0.35721718750000014 0.8009593750000004 0.4089978568076065 0.8457078421677291
0 0.10744436134170629 0.5398458112752638 0.05560721557701398 0.5014139474739086 0.002598796679757287 0.5729120447646279 0.0544359424444496 0.6113439085659831
0 0.7545421875 0.6610031249999999 0.7357924381689938 0.6430235888877093 0.7065972918088226 0.6734694064280768 0.7253470411398288 0.6914489425403675
0 0.7775359375000002 0.6781515625000002 0.7617186220718551 0.6614310992863984 0.730465962134804 0.6909956618154294 0.746283277562949 0.707716125029031
0 0.7028968396110631 0.6321500062515316 0.6815648442107876 0.6152828933492624 0.6572101920997244 0.6460844495977313 0.6785421875 0.6629515625000003
0 0.6719156250000001 0.6613937500000001 0.6480337485463659 0.6434806329034419 0.634890625 0.6610031250000001 0.6587725014536342 0.6789162420965583
0 0.7167359375 0.6976390624999997 0.6699382092688729 0.6628520759854688 0.6578971035032881 0.679050558569889 0.7046948317344153 0.7138375450844201
0 0.7903203125 0.6035671875000002 0.7549465746341639 0.5791605047785892 0.74395954651922 0.5950845144811305 0.779333284385056 0.6194911972025416
0 0.832875516355369 0.608879423787491 0.7642917849681748 0.5588692783755017 0.7560381436128059 0.5701882920880107 0.8246218750000001 0.6201984374999999
0 0.8464499999999999 0.5949062500000001 0.819915493688087 0.5799569949830623 0.8142265625000003 0.5900546875000001 0.8407610688119131 0.605003942516938
0 0.8246218750000003 0.6233171875000002 0.8086843750000001 0.6146546875000002 0.8002331949547731 0.6302033953754181 0.8161706949547731 0.638865895375418
0 0.7074864484930039 0.4994688077640303 0.6651159062231541 0.4653566835013743 0.6475703125000001 0.4871499999999999 0.6899408547698499 0.521262124262656
0 0.6874156250000001 0.5217984375000002 0.6408883835607312 0.48699725500311564 0.62458098116936 0.508799343147062 0.6711082226086289 0.5436005256439466
0 0.5410999999999999 0.5682375000000002 0.497678125 0.535671875 0.48880989250608764 0.5474964686573182 0.5322317675060876 0.5800620936573183
0 0.5270118941320945 0.5769470404087826 0.4957669402668463 0.5559605817018837 0.4864737961347517 0.569796353793101 0.5177187499999999 0.5907828125
0 0.5185531250000002 0.5928718750000002 0.4830979091303621 0.5668393585016573 0.4745692264906003 0.5784550731827809 0.5100244423602384 0.6044875896811236
0 0.4871593749999999 0.4846609375 0.45913580036039897 0.4643814199804039 0.45039999999999997 0.47645312500000003 0.4784235746396009 0.4967326425195961
0 0.47252656249999997 0.4975093750000001 0.43299547090473023 0.46676172401741367 0.42676918082422227 0.4747666296152649 0.46630027241949196 0.5055142805978513
0 0.4614625 0.5089296875 0.42137310466526534 0.4783407398845684 0.41102466716526537 0.4919032398845683 0.4511140625 0.5224921875
0 0.45075624999999997 0.5253468750000001 0.40919901891608745 0.495558020591497 0.4007371710393496 0.5073628037761143 0.4422944021232621 0.5371516581846174
0 0.4091295235213808 0.45371793411959754 0.38136716656821834 0.4307840429284032 0.3723157680468375 0.44174110880880574 0.400078125 0.46467500000000006
0 0.4000781250000001 0.47002812499999996 0.3679530250657064 0.4463181369784472 0.35969023599241545 0.4575135422428517 0.3918153359267092 0.48122353026440445
0 0.404003125 0.4261312500000001 0.3917738869995605 0.4176079400336595 0.3835660744995605 0.4293845025336595 0.39579531250000005 0.4379078125000001
0 0.4179218750000001 0.4122125 0.40882109375000014 0.40311171874999996 0.39793593749999995 0.41399687500000015 0.40703671874999997 0.4230976562500001
0 0.42372597589988903 0.3445276698090479 0.4002783278125011 0.3040995917888095 0.36857889638698005 0.32248476241858376 0.39202654447436797 0.3629128404388221
0 0.4122125 0.27695000000000003 0.3950209186925695 0.26022857348903045 0.369384375 0.28658593750000005 0.3865759563074305 0.3033073640109697
0 0.47026406249999997 0.2771421875000001 0.4377278888683784 0.24870525053015138 0.4117484375000001 0.2784296875000001 0.4442846111316217 0.30686662446984875
0 0.28839375000000006 0.34464843749999996 0.24280397530912548 0.30927046502545724 0.20826803780912545 0.3537751525254572 0.25385781250000006 0.389153125
0 0.16734999999999997 0.09755781249999998 0.12116710612566248 0.0639708493288702 0.11372476198928097 0.07420425410784844 0.15990765586361846 0.10779121727897822
0 0.1302440821808915 0.10996248337085515 0.09706533065205242 0.08449764509571878 0.08856903285701169 0.09556767626618654 0.1217477843858508 0.12103251454132291
0 0.124825 0.053281250000000016 0.09013812755928209 0.02843146010854457 0.08194002833718335 0.03987487364304157 0.11662690077790125 0.06472466353449702
0 0.140834375 0.036771874999999996 0.10575321052000967 0.012947818443388848 0.0964661291373469 0.026623139803967126 0.13154729361733722 0.05044719636057828
0 0.298178125 0.16835000000000006 0.27516620432097316 0.14821472982579942 0.22511786038040899 0.20541329289015825 0.24812978105943584 0.22554856306435886
0 0.9905265625 0.6943609375000002 0.9357954781461586 0.651643039201899 0.9255611031461586 0.664755539201899 0.9802921874999999 0.7074734375000001
0 0.9758140625000001 0.7093921875000001 0.9361546875000002 0.6831656250000001 0.9289633916846387 0.694040183855258 0.9686227666846386 0.720266746355258
0 0.9444703125 0.7375375 0.908009375 0.7138703125 0.8997528632254189 0.7265900393277448 0.936213800725419 0.7502572268277448
0 0.9196171874999999 0.044242187500000085 0.9082372087243368 0.03464726016970996 0.8804296875000001 0.06762812500000001 0.8918096662756632 0.07722305233029014
0 0.9354171875 0.05087968750000016 0.9268646716644533 0.042811088154262045 0.8943907666198108 0.07723262468563644 0.9029432824553574 0.08530122403137455
0 0.9477421874999999 0.06099218750000004 0.9389431081916761 0.053500025831146394 0.9107687500000001 0.08658906250000005 0.9195678293083238 0.0940812241688537
0 0.8316828125000001 0.017232812500000083 0.7832911865975692 -0.011064268358804297 0.774707160123292 0.0036155143351247697 0.8230987860257226 0.03191259519392915
0 0.6693421875 0.025725000000000175 0.6422985691259951 0.006713724917828401 0.6322933303810301 0.020946218908375336 0.6593369487550348 0.03995749399054711
0 0.6835796875000001 0.011489062500000013 0.6548076479959811 -0.00797375318289335 0.6444676346458729 0.00731197306702871 0.6732396741498918 0.026774788749922073
0 1.0001887081483243 0.9033631901595403 0.9873191242258713 0.8991830303992057 0.9806460410775472 0.9197276527396656 0.993515625 0.9239078125000002
0 1.0097088326072414 0.9764298534026509 0.9809296875 0.9544750000000002 0.9696583548927583 0.9692498340973495 0.9984374999999999 0.9912046875000001