0 0.7263118331800765 0.7084885858045021 0.6559863046951714 0.6532271828767892 0.6464900965150948 0.6653120345722869 0.716815625 0.7205734374999999
0 0.70426875 0.7363609375 0.6296512670029815 0.680520535546085 0.6198045190275178 0.6936783840558697 0.6944220020245363 0.7495187860097846
0 0.7143181832714078 0.7239033214131649 0.6467890625 0.6671390625000002 0.636186863248472 0.6797518792161349 0.7037159840198799 0.7365161381292997
0 0.5259950742138282 0.9168399153464817 0.4876411071411404 0.8895796032098581 0.47899603292731224 0.9017428128633768 0.51735 0.9290031250000002
0 0.5135296874999998 0.932825 0.47583906249999985 0.9057031249999999 0.4674270244279876 0.9173931343543658 0.5051176494279875 0.9445150093543658
0 0.49892031250000024 0.9499078125000004 0.46161093750000004 0.9213609375000005 0.4526887014090111 0.9330218654354484 0.48999807640901133 0.9615687404354484
0 0.6684265625000002 0.8641890625000002 0.6232390624999999 0.8282937499999999 0.6133810999142287 0.8407036345592871 0.658568599914229 0.8765989470592872
0 0.6388077609211733 0.8782085680078122 0.5933140625000002 0.8418953125000002 0.584948489078827 0.8523758069921881 0.6304421875000001 0.8886890625000001
0 0.6409133296111069 0.9020141247940622 0.5722921875000001 0.8498093750000002 0.5621525793384743 0.8631375011829199 0.6307737214495811 0.9153422509769816
0 0.1550171875 0.1244125 0.1167359375 0.09792656249999998 0.1083176076071681 0.11009393211680027 0.14659885760716812 0.13657986961680027
0 0.14358125000000002 0.13941718750000004 0.10464194951279578 0.11044960400837578 0.09616777119344617 0.12184090891493504 0.13510707168065042 0.1508084924065593
0 0.1306860702608681 0.15240909570731767 0.08996562500000002 0.12257499999999999 0.08093020787086377 0.1349074069288233 0.12165065313173187 0.16474150263614099
0 0.2274063637465648 0.17882364475612522 0.17832968749999994 0.1442015625 0.1682592612534351 0.1584763552438748 0.21733593749999996 0.19309843750000003
0 0.21364797308464772 0.19586255248313994 0.16484218750000001 0.16187500000000005 0.15662378788316328 0.17367653968860397 0.20542957346781102 0.20766409217174386
0 0.12972812500000003 0.27146718750000004 0.07968780870901192 0.23193106424339177 0.05005343370901192 0.2694388767433918 0.10009375000000001 0.30897500000000006
0 0.05462841513493666 0.6090513391589747 0.02744184925008159 0.6074148215945292 0.026530621615145 0.6225525449355545 0.053717187500000076 0.6241890625
0 0.08235624999999999 0.6345796874999999 0.08221520194031731 0.6184387705842882 0.053069889440317305 0.6186934580842882 0.0532109375 0.634834375
0 0.9395290640270062 0.29483735816262713 0.9260294530850857 0.28386939067678524 0.8879894515580794 0.33068984501415827 0.9014890624999999 0.34165781250000016
0 0.9580171875 0.30773906250000016 0.9459268077771046 0.29885677992379367 0.9318734375 0.31798593750000015 0.9439638172228954 0.32686822007620664
0 0.9378796875 0.3310578125000001 0.9260533759275538 0.3207887535220171 0.9014890624999999 0.349078125 0.913315374072446 0.35934718397798304
0 0.9792520482724886 0.31607561269277473 0.9674979833605295 0.30684908951237977 0.9374318725880411 0.34515160181960514 0.9491859375 0.3543781250000001
0 0.9444853794841549 0.3565055194510506 0.9309140274833878 0.34812419905301206 0.924283335499233 0.35886086710196174 0.9378546875000001 0.3672421875000002
0 0.99238125 0.3347578125000002 0.9811156044179379 0.3246264626071965 0.9411874794179379 0.36902490010719646 0.9524531250000001 0.37915625000000014
0 1.0075971658927896 0.3469445806259312 0.9954772541991798 0.33857848575436017 0.9824941508063901 0.3573870301284293 0.9946140625 0.3657531250000004
0 0.6993906250000002 0.32808125000000005 0.6602841645398685 0.3024012815576465 0.6405587069052323 0.33243998003885866 0.679665167365364 0.3581199484812122
0 0.6570779717396115 0.37740299667422195 0.6182499999999999 0.3495453125000002 0.6026360907603883 0.37130794082577845 0.6414640624999999 0.3991656250000002
0 0.9511125 0.9404140625 0.8895328424142346 0.8892219967043576 0.8526530667756917 0.9335851987038095 0.9142327243614572 0.9847772644994519
0 0.18560725009870938 0.9970648306910048 0.1375497896538252 0.9627854413337399 0.12098750000000011 0.9860046875 0.16904496044488432 1.020284076857265
0 0.04776346840744757 0.24065681095586516 0.0018234375000000358 0.20587343749999998 -0.015971201507380316 0.22937565090731055 0.02996882940006722 0.26415902436317573