0 0.2664285791084414 0.9260284378658665 0.15937656250000015 0.8986625000000001 0.15544926120218103 0.9140255957514116 0.26250127781062227 0.941391533617278
0 0.16174375000000013 0.9665156250000002 0.12403613772038682 0.943888070496324 0.11693457522038679 0.955722445496324 0.15464218750000008 0.9783500000000002
0 0.1809437770191832 0.8850874911093396 0.16174375000000013 0.8805156249999999 0.158323410480817 0.8948796963906606 0.17752343750000008 0.8994515625000001
0 0.2309247188666685 0.8958862461410743 0.1980375000000001 0.8899828125000001 0.19513153113333162 0.9061715663589259 0.22801875000000002 0.9120750000000001
0 0.2019828125000002 0.9736171875 0.1388625000000001 0.9310109375 0.13115230854340507 0.9424334328891767 0.19427262104340515 0.9850396828891768
0 0.19093593750000024 0.998075 0.16174375000000024 0.9838734375 0.15767526279184335 0.9922364638516333 0.18686745029184335 1.0064380263516335
0 0.31401900240396813 0.8079282932674605 0.24300937499999997 0.7605890624999999 0.2288075600960317 0.7818920192325391 0.29981718749999986 0.8292312499999998
0 0.3348505072053953 0.7809232800588138 0.26204851430719345 0.7350840652937128 0.2452888013166735 0.7617018970424511 0.3180907942148753 0.8075411118075522
0 0.25962812500000004 0.605515625 0.2449861998525064 0.5940554037660727 0.23733776235250637 0.6038272787660727 0.25197968750000005 0.6152875
0 0.29572387566344044 0.6300158862220255 0.2715250000000001 0.6131640625 0.2641847131468406 0.623704564930098 0.2883835888102809 0.6405563886521235
0 0.30764375 0.6178375 0.25389782903739394 0.581862382036417 0.2460296875000001 0.5936171875000001 0.29977560846260615 0.629592305463583
0 0.3148216820205338 0.6039652825196782 0.2753500000000001 0.5757703125 0.26765517995176363 0.5865427123265377 0.3071268619722974 0.6147376823462158
0 0.24635742868349073 0.5700241849491698 0.2226593750000001 0.5502750000000001 0.21562374712801063 0.5587174085063052 0.23932180081150128 0.5784665934554752
0 0.2257316156689959 0.5711617109410871 0.21357344665245614 0.563055161097021 0.20710120598346027 0.5727622001559337 0.21925937500000003 0.5808687499999999
0 0.32591562500000004 0.4725140625 0.2694015625 0.432996875 0.25968664409077136 0.4468903107654262 0.3162007065907714 0.4864074982654262
0 0.3684078125 0.5035328125000001 0.328890625 0.47591406250000007 0.3185800862606795 0.49066648585687683 0.3580972737606795 0.5182852358568769
0 0.3849796875 0.4750640625000001 0.34716250000000004 0.4487187500000001 0.3359013423493797 0.4648834969674377 0.37371852984937964 0.4912288094674377
0 0.3148671875 0.43512031249999994 0.278325 0.411325 0.2698478428820381 0.42434327260606575 0.30639003038203805 0.4481385851060657
0 0.4385203125 0.41897343750000005 0.37478125000000007 0.37393125000000016 0.34222007994815773 0.4200084626799462 0.4059591424481578 0.4650506501799462
0 0.5090873376347067 0.3333941702384059 0.46521875 0.3049109375000001 0.4586470373652934 0.3150323922615944 0.502515625 0.34351562500000016
0 0.5215517185519009 0.32360072376495314 0.4678359375 0.28724531249999996 0.4618857814480992 0.2960367762350468 0.5156015625 0.3323921875
0 0.530978125 0.3121093750000001 0.47634218749999996 0.2757937500000001 0.47121981415076214 0.28350023089247056 0.5258557516507621 0.3198158558924705
0 0.4436265624999999 0.2892078125000001 0.39913281249999993 0.2607453125000002 0.39245081771737694 0.2711908814190808 0.43694456771737694 0.29965338141908077
0 0.5627125000000002 0.2358812500000001 0.5237796875 0.2103625000000001 0.5177063943665575 0.21962825098003846 0.5566392068665575 0.2451470009800385
0 0.5744906249999999 0.22148593750000006 0.5332687499999998 0.19564062500000007 0.5267828212518422 0.20598533041284678 0.5680046962518421 0.23183064291284677
0 0.5682734375 0.19695000000000001 0.5434093750000001 0.18091875000000004 0.5368264679876344 0.19112867195787278 0.5616905304876345 0.20715992195787275