0 0.76126875 0.6433156250000001 0.7513358584370694 0.6327098642214566 0.698940911636543 0.6817806792136298 0.7088738031994737 0.6923864399921732
0 0.7688750000000001 0.66075625 0.7589196071792863 0.6495807857033566 0.7126453125000001 0.690803125 0.7226007053207139 0.7019785892966434
0 0.8774874999999998 0.21099375000000004 0.8410186165106314 0.17503822264959656 0.8019906249999998 0.21462343750000007 0.8384595084893682 0.25057896485040354
0 0.83384375 0.25265000000000015 0.8113078125 0.2345203125000001 0.8030318061129371 0.2448077243866334 0.8255677436129373 0.2629374118866334
0 0.8230124999999999 0.26540468750000007 0.8038674443914664 0.24592812426873678 0.7863210358599984 0.26317587804727716 0.805466091468532 0.2826524412785404
0 0.6953562565431032 0.17010019950219063 0.6650859375 0.14430781250000008 0.6557453059568968 0.15527011299780952 0.686015625 0.18106250000000007
0 0.6961593749999999 0.14089531250000017 0.6773357074866528 0.12182738003919695 0.667577894986653 0.13146019253919689 0.6864015625000001 0.15052812500000012
0 0.7153598649932562 0.1598781215887432 0.6974249999999997 0.14330625000000002 0.6884260725067435 0.15304531591125695 0.7063609374999998 0.16961718750000015
0 0.713634375 0.12629531249999998 0.6979533592316736 0.1066163558255441 0.6859247308619167 0.11620127001880176 0.7016057466302431 0.13588022669325764
0 0.7338609374999998 0.10782343750000009 0.7140328124999998 0.08766406250000011 0.6995959723444349 0.10186368283592614 0.719424097344435 0.12202305783592612
0 0.7716156250000001 0.12001406249999999 0.7489125254213613 0.1011635387190856 0.7395140625000002 0.1124828125 0.7622171620786389 0.13133333628091443
0 0.4209937499999999 0.0035500000000000752 0.3950037701079747 -0.025125898965694927 0.3514209010000947 0.01437479439027065 0.37741088089211994 0.043050693355965654