0 0.055950000000000166 0.85720625 0.0007421875000002132 0.8091171875000001 -0.012032995429126725 0.8237835142516277 0.04317481707087323 0.8718725767516275
0 0.02959825528567306 0.8707760733158036 8.881784197001253e-17 0.84545625 -0.01034200528567295 0.8575458016841964 0.01925625000000002 0.882865625
0 0.019795923525528548 0.8913125007407237 8.881784197001253e-17 0.8743796875000001 -0.010789673525528353 0.8869937492592765 0.009006250000000104 0.9039265625
0 0.4761463588579275 0.8430839055685523 0.4214124999999999 0.7979921874999999 0.3947489659080988 0.8303572907639951 0.4494828247660264 0.8754490088325475
0 0.3946562500000001 0.7895765625000001 0.3387868853561472 0.7461465311856657 0.3243678265530106 0.7646955312603607 0.3802371911968635 0.8081255625746951
0 0.42009062499999994 0.753190625 0.37023078541716703 0.7139705004379291 0.3504273765829288 0.7391462182280575 0.4002872161657617 0.7783663427901284
0 0.8236234375 0.8444156250000001 0.7852612496240378 0.8158166453314225 0.7754109375 0.8290296875 0.8137731253759621 0.8576286671685776
0 0.8098265625000002 0.8614953125000001 0.7735953125000001 0.8310328125000002 0.7478382259322948 0.8616675746733666 0.7840694759322948 0.8921300746733666
0 0.4673625000000001 0.550396875 0.42954056642594185 0.5204388597208561 0.4118906250000001 0.542721875 0.44971255857405834 0.5726798902791439
0 0.44633554556657906 0.5746764745007809 0.40417725562614326 0.5448702179531392 0.3835104600595643 0.5741015559523582 0.4256687500000001 0.6039078124999999
0 0.42177343750000007 0.6055906249999999 0.3851085717439906 0.574371005018823 0.36669843750000003 0.5959921874999999 0.4033633032560095 0.627211807481177
0 0.17955625000000003 0.07917031249999999 0.12662493204896394 0.03495788301587365 0.10864564064223563 0.05648277095096319 0.16157695859327167 0.10069520043508953
0 0.2028546875 0.050014062500000046 0.15497398432445975 0.007465339195859733 0.13263023432445978 0.032609089195859725 0.18051093750000002 0.07515781250000005
0 0.21772403213161487 0.031363501181062056 0.1658251226788919 -0.015559173832432193 0.1517578125 0 0.20365672195272294 0.04692267501349425
0 0.43614446153668707 0.08347489306359275 0.40297831322690636 0.053555661374605566 0.38567760169021914 0.0727338933110128 0.4188437499999999 0.10265312499999998
0 0.40106562500000004 0.09890156250000001 0.3897048320522981 0.09074235099292938 0.3741032695522981 0.11246578849292939 0.3854640625 0.12062500000000002
0 0.411328125 0.11487031250000002 0.40149687500000003 0.10741406250000003 0.3868595094232239 0.12671379095957158 0.39669075942322385 0.13417004095957158
0 0.38531534360175845 0.06895746216061367 0.3438796875 0.03593281249999998 0.3275997442432337 0.05635907400696234 0.36903540034499216 0.08938372366757603
0 0.3606656249999999 0.01980000000000006 0.3479781249999999 0.008825000000000083 0.33165717016744956 0.027692618627606726 0.3443446701674495 0.038667618627606704
0 0.7276854635513142 0.10390824461094099 0.6949265624999998 0.07795468750000004 0.6864051614486855 0.08871050538905911 0.7191640625 0.11466406250000008
0 0.7112245775216277 0.13992998315359723 0.6668506093959207 0.10606221146321246 0.659451031874293 0.11575722830961528 0.7038249999999999 0.14962500000000004
0 0.7252051414547782 0.2229776443231973 0.6813859375000002 0.18820312500000008 0.672494858545222 0.19940673067680276 0.7163140625000001 0.23418125
0 0.6957984375 0.2266234375000001 0.6717872865763932 0.20931727671732628 0.6634779076337982 0.22084598920171725 0.687489058557405 0.23815214998439105
0 0.6842156250000002 0.24450781250000012 0.6469953125 0.21352343749999997 0.6382220971894706 0.2240623564063097 0.6754424096894708 0.25504673140630985
0 1.0006752795945435 0.6613841372851044 0.9638984374999999 0.634053125 0.9453014637890045 0.6590773706617097 0.9820783058835479 0.686408382946814
0 1.004724429906806 0.6458009273539128 0.9671785096280168 0.6153192223533046 0.9594624999999999 0.6248234375000004 0.9970084202787891 0.6553051425006086
0 1.0083731831852305 0.5923018959240427 0.9919156250000001 0.5737625000000002 0.9818894307132832 0.5826628264467794 0.9983469888985134 0.6012022223708219