0 0.20920000000000005 0.72856875 0.1894913468926016 0.7131110905015604 0.18253770944160513 0.7219770399921762 0.20224636254900358 0.7374346994906158
0 0.22470781250000008 0.7219703125000001 0.20270511323816792 0.7043009042034234 0.19531193040750403 0.713507210135148 0.21731462966933618 0.7311766184317248
0 0.23526718750000003 0.7124015625 0.21415000000000006 0.6942531250000001 0.206965804811384 0.7026125221566205 0.228082992311384 0.7207609596566205
0 0.2458265625000001 0.7005218750000001 0.22273636515540876 0.680984986115831 0.21547699015540872 0.6895646736158311 0.23856718750000008 0.7091015625000001
0 0.3443 0.4166343750000001 0.28008453646364906 0.3885224524799399 0.27538281249999996 0.3992625 0.3395982760363509 0.4273744225200602
0 0.35426718749999997 0.40325000000000005 0.28855983091670223 0.37678859253860153 0.2841333437323823 0.38778017612144 0.34984070031568015 0.41424158358283847
0 0.10416093750000006 0.36912656250000003 0.054083078394261054 0.34859465698099534 0.05055937500000005 0.35718906250000004 0.10063723410573906 0.3777209680190047
0 0.11422656249999999 0.356721875 0.06273540884213309 0.3378659368479998 0.058957485438286626 0.3481825614002751 0.11044863909615352 0.36703849955227535
0 0.12265156250000009 0.3452515625000001 0.07056867727742329 0.3246192892221087 0.06647500000000002 0.3349531250000001 0.11855788522257682 0.3555853982778915
0 0.11586406250000003 0.32582500000000014 0.08164164682446781 0.31179122929196723 0.07716929484425872 0.3226973992514348 0.11139171051979095 0.3367311699594677
0 0.2144078125000001 0.3967468750000001 0.16418489580566528 0.37468720533960553 0.15963593750000007 0.3850437500000001 0.20985885419433484 0.40710341966039465
0 0.6203312499999999 0.9645359375 0.6059009260570136 0.9475010862525585 0.5755137121212325 0.9732422761490074 0.5899440360642189 0.990277127396449
0 0.650625 0.9803468750000002 0.6389718258364508 0.9623346790394823 0.6008933479009504 0.9869699392952505 0.6125465220644996 1.0049821352557684
0 0.9505984375000001 0.9294125 0.9125249999999999 0.9005515624999999 0.9054068653925643 0.9099418275630384 0.9434803028925645 0.9388027650630384
0 0.935553125 0.9438437500000001 0.8959453124999998 0.9149812500000001 0.8892446409884925 0.9241765359541574 0.9288524534884928 0.9530390359541574
0 0.9192796875000001 0.9564328125000001 0.8842781250000001 0.9303343750000002 0.8762067788165661 0.941159150540628 0.911208341316566 0.9672575880406278
0 0.9030078125000001 0.969328125 0.8670828125 0.9407734375000001 0.8594740677658812 0.9503460918872426 0.8953990677658814 0.9789007793872425
0 1.0067700538527435 0.9443457011981818 0.9912012647946475 0.9270044128070898 0.9809953124999998 0.9361671875000003 0.9965641015580957 0.9535084758910923
0 1.0065234783527282 0.9612165929034615 0.981881432501401 0.9428952912447761 0.9737954541486731 0.9537708858413151 0.9984375000000002 0.9720921875000006
0 1.0062246095276337 0.9837111291475479 0.9653736240069227 0.9469145239883122 0.9573531250000002 0.95581875 0.9982041105207113 0.9926153551592357
0 0.996040625 0.9948125000000001 0.9519590939267264 0.9590802716046628 0.9437330485710754 0.9692284400856022 0.987814579644349 1.0049606684809391
0 0.9217187499999998 0.440625 0.8967077437038077 0.42488380722617275 0.888611302059617 0.4377481533941646 0.9136223083558092 0.45348934616799186
0 0.94140625 0.4546875000000001 0.9202547150422513 0.44005636303674533 0.9119181714334875 0.4521081054276756 0.9330697063912362 0.46673924239093034
0 0.9931249999999998 0.26078124999999996 0.9504420661922877 0.22832943141211404 0.9409823799645325 0.24077148177078717 0.9836653137722446 0.2732233003586731
0 0.9991314768185914 0.23494991510545402 0.9724999999999999 0.2128124999999999 0.9625872731814086 0.2247375848945458 0.9892187500000003 0.2468749999999999
0 0.7299484374999998 0.0621312500000001 0.6794316476320956 0.026247920225378918 0.665714764213492 0.0455586397615082 0.716231554081396 0.0814419695361294
0 0.943834375 0.4209796875000002 0.9218656340255823 0.4035886286759432 0.9111671875 0.417103125 0.9331359284744177 0.4344941838240571
0 0.9639515624999999 0.4338984375 0.9428073619862654 0.41986754821218497 0.9325647534402165 0.4353029040502093 0.9537089539539512 0.44933379333802437
0 0.2240046875 0.38340625000000006 0.17296800334233658 0.36146261537007013 0.16806250000000006 0.3728718750000001 0.2190991841576635 0.39481550962993
0 0.6469578125 0.49292031250000007 0.6292411103157984 0.46528677014565717 0.5645252575261848 0.5067780663308536 0.5822419597103864 0.5344116086851965