0 0.11980312500000015 0.8172406250000002 0.10635808049911537 0.8023761240518821 0.03369313069821187 0.8681020765838706 0.047138175199096646 0.8829665775319885
0 0.14294027349998434 0.8176527671423507 0.13089352316571393 0.8058656824255388 0.053717187499999944 0.8847421875000002 0.06576393783427034 0.8965292722168119
0 0.6072545900400593 0.547953261434086 0.5682796875000001 0.5156515625000002 0.5542072456788376 0.5326312281702072 0.5931821482188968 0.5649329271042931
0 0.635328125 0.44060000000000016 0.6257401706226494 0.43007990227763837 0.576276593353034 0.47516071185923964 0.5858645477303847 0.48568080958160137
0 0.804840625 0.37209375000000006 0.7599551871885231 0.3358014137906228 0.7524168422558702 0.3451246469581977 0.797302280067347 0.381416983167575
0 0.8208572226443375 0.34140735814605605 0.8205746863983135 0.3287568643662391 0.7546406818713892 0.3302294350380722 0.7549232181174133 0.3428799288178892
0 0.8252296875 0.3143500000000001 0.7856359375 0.3143500000000001 0.7856359375 0.3265921875000001 0.8252296875 0.3265921875000001
0 0.8104953125000002 0.3103640625 0.8101125000000001 0.2971703124999999 0.7901001020429902 0.29775096592248546 0.7904829145429902 0.3109447159224855
0 0.8043966021839661 0.29127538106698786 0.8042609374999998 0.281140625 0.7742908978160336 0.2815418064330121 0.7744265624999999 0.2916765625
0 0.8197171298111497 0.2756171129082943 0.8195828125000002 0.26459687500000006 0.7917578701888506 0.2649360120917058 0.7918921875 0.27595625
0 0.8369750000000001 0.24992031250000019 0.80732292601298 0.24909836884506853 0.8069713635129799 0.2617811813450685 0.8366234375000001 0.26260312500000016
0 0.45808906249999987 0.036225000000000084 0.40579439000298406 -0.009602880043493679 0.37767994918668263 0.022478801970377927 0.4299746216836985 0.06830668201387169
0 0.3438296875 0.1298828125 0.33104406790079094 0.11743844322875666 0.3237164674645847 0.12496698161509552 0.3365020870637938 0.13741135088633888
0 0.30839687499999996 0.11225312500000002 0.29578481872753015 0.09751644864084814 0.2755203125 0.11485937500000001 0.28813236877246984 0.1295960513591519
0 0.288878125 0.13574375000000005 0.27496093749999995 0.12220468749999998 0.2673772758231214 0.13000014907599047 0.28129446332312147 0.14353921157599053
0 0.32545625 0.14152343750000004 0.30813293632321037 0.12478355148590022 0.28260676830260306 0.15119937147505422 0.2999300819793927 0.16793925748915406
0 0.2412765625 0.05725156249999998 0.22341406249999998 0.04155781249999998 0.2149483884974325 0.05119337454672953 0.23281088849743253 0.06688712454672953
0 0.25348437499999993 0.04575000000000003 0.21468593749999995 0.012778125000000019 0.20691102899945135 0.021926961744248064 0.24570946649945133 0.05489883674424807
0 0.2686218749999999 0.032590625000000074 0.23003593749999993 0.0014500000000000624 0.22154442709084413 0.011971718492428663 0.26013036459084415 0.04311234349242867
0 0.281690625 0.018500000000000072 0.24241085532594875 -0.007754514674312185 0.23412475823228954 0.004642438359224887 0.2734045279063408 0.030896953033537143
0 0.30036562499999997 0.011556250000000046 0.28959974178736925 0.003722870812505552 0.28188437499999996 0.014326562500000039 0.29265025821263063 0.022159941687494532
0 0.175521875 0.018614062500000007 0.15402151302170197 0.000612341831458596 0.14597964772188052 0.010217146733749382 0.16748000970017857 0.028218867402290793