0 0.13155 0.7654859375 0.12120464513592459 0.7568647453736329 0.08502848529849719 0.8002758195791442 0.0953738401625726 0.8088970117055114
0 0.1394890625000001 0.78105625 0.1288106289137588 0.7725253279113548 0.1073593750000001 0.7993765625000001 0.11803780858624138 0.8079074845886453
0 0.1597000000000001 0.790059375 0.15085214749179782 0.781978110189679 0.13601718750000008 0.7982203124999999 0.14486504000820233 0.8063015773103208
0 0.9269218749999999 0.943 0.8910515625000001 0.9196671875 0.8834796764608803 0.9313077009802164 0.9193499889608802 0.9546405134802164
0 0.9386890625000002 0.9268703125000002 0.9177768270816855 0.9162981944567141 0.9114819832202468 0.9287497444879342 0.9323942186385612 0.9393218625312205
0 0.9478640625000004 0.9169750000000004 0.9176645246848519 0.8977472171380576 0.9121442121848519 0.9064175296380576 0.9423437500000003 0.9256453125000004
0 0.9998576195672214 0.9424237531225206 0.97470890324366 0.9392084306663874 0.9732887836764386 0.950315927543867 0.9984375 0.9535312500000002
0 0.9991655419693503 0.9296040879378547 0.98671875 0.9287328125000002 0.9859907080306499 0.9391334120621456 0.9984375000000002 0.9400046875000001
0 0.9491953125 0.7204796875000004 0.9265761627871335 0.702612198077084 0.8964881781801823 0.7407017478887197 0.9191073278930488 0.7585692373116361
0 0.7905437500000001 0.2913968750000001 0.7655375000000001 0.2773093750000001 0.7592231623989374 0.2885177444506886 0.7842294123989373 0.30260524445068865
0 0.7777906249999998 0.30547500000000005 0.7534671874999999 0.2919203125 0.7461512816597227 0.30504846307240296 0.7704747191597227 0.31860315057240296
0 0.7658421874999999 0.3196203125 0.7429843749999999 0.30589687500000007 0.7360551183072737 0.3174382727180796 0.7589129308072737 0.33116171021807955
0 0.792184375 0.3351234375000002 0.7690328124999999 0.3211453125000001 0.7627321745251556 0.3315808762014608 0.7858837370251558 0.3455590012014608
0 0.8139406250000002 0.3277359375000001 0.7808218750000002 0.30732968750000006 0.7735263887286401 0.3191700494454633 0.8066451387286401 0.3395762994454633
0 0.8269 0.3130875000000001 0.7934337181062274 0.2934508517294561 0.7865031249999999 0.3052625 0.8199694068937724 0.32489914827054395
0 0.9654968749999998 0.2131656250000003 0.87863677668891 0.16077411566171268 0.8559443231987318 0.1983960274174837 0.9428044215098218 0.2507875367557713
0 0.6921140625 0.12485312500000005 0.6512632454267198 0.10097799530221133 0.6426648001526096 0.11569010449087136 0.6835156172258896 0.1395652341886601
0 0.7131171874999999 0.13751562500000009 0.6966498389543037 0.12926501817912897 0.6897145655049101 0.14310709884427203 0.7061819140506063 0.15135770566514314
0 0.5829562500000001 0.10384843750000008 0.5685795203874136 0.09306082806182339 0.5582890625 0.10677500000000004 0.5726657921125866 0.11756260943817673
0 0.5537203125000001 0.0397046875 0.5141922945623896 0.016362323410895607 0.5041953917126567 0.03329110378876834 0.5437234096502671 0.05663346787787273
0 0.5239350467856225 0.06334921137703944 0.486878618791385 0.040500502729597355 0.46762968749999995 0.07171875000000014 0.5046861154942375 0.09456745864744223
0 0.4571546875 0.11273124999999999 0.3591246305844061 0.05450473914952851 0.3401781814349918 0.08640294945505717 0.43820823835058575 0.14462946030552865
0 0.5067331489678182 0.34978176923717963 0.46176550278527967 0.31229600646022476 0.4231786300657778 0.35858453605653134 0.46814627624831634 0.3960702988334862
0 0.06814375000000006 0.3963546875 0.04207858449416298 0.37391003551270086 0.012856868394674082 0.4078454632898286 0.03892203390051117 0.43029011527712785