0 0.9326597532663973 0.7293636592286099 0.8607978236918941 0.6685333620996643 0.8444531250000002 0.6878421875 0.9163150545745035 0.7486724846289456
0 0.9135078125 0.7521546875000001 0.838753125 0.6898875 0.8181465824134435 0.7146266236598486 0.8929012699134434 0.7768938111598487
0 0.8907765624999999 0.7808671875000001 0.8395156249999998 0.7390015625 0.8284021148980434 0.752609121129353 0.8796630523980437 0.794474746129353
0 0.8333328124999999 0.6317562500000001 0.793315625 0.5992437500000001 0.7824000977721564 0.6126788503379615 0.8224172852721564 0.6451913503379616
0 0.84738125 0.6136609375 0.821725 0.592228125 0.8116388437424036 0.60430180625317 0.8372950937424035 0.6257346187531699
0 0.8645796875000002 0.5974640625000001 0.8342718750000001 0.5748375 0.8240736213060975 0.5884978498999123 0.8543814338060975 0.6111244123999122
0 0.8272609157407445 0.5738879686116837 0.7907564673562302 0.5397017195178974 0.7809 0.5502265625000001 0.8174044483845144 0.5844128115937866
0 0.8558390625 0.5324625000000002 0.8203374999999999 0.4991312500000002 0.8080982240425278 0.5121674673743545 0.8435997865425279 0.5454987173743545
0 0.724296249824469 0.2544616611067893 0.6733155522072278 0.21196495509131769 0.6266693023827588 0.26792360648452856 0.6776500000000001 0.3104203125000002
0 0.7464812499999998 0.19570625 0.7459392880825324 0.17898621991266606 0.71416471115981 0.18001615888680705 0.7147066730772773 0.19673618897414097
0 0.8118541864760122 0.144818936506029 0.809603125 0.12825781249999998 0.7646465490572238 0.1343685098271475 0.766897610533236 0.15092963383317648
0 0.8166869973430776 0.12386926680963455 0.8139389678211197 0.0983087938973127 0.7639488454780421 0.10368327708767813 0.766696875 0.12924374999999996
0 0.6630203124999999 0.18944218750000003 0.6124609374999999 0.14442031250000004 0.5792974353661811 0.18166278498025662 0.629856810366181 0.2266846599802566
0 0.63899375 0.007482812500000077 0.6072546875 0.007482812500000076 0.6072546875 0.030101562500000078 0.63899375 0.030101562500000078
0 0.3242656250000001 0.31748437500000004 0.2812156250000001 0.31195625000000005 0.27911905110853713 0.32828321547698913 0.3221690511085371 0.3338113404769892
0 0.3531951965515592 0.34700268511657406 0.2788609375000001 0.332884375 0.27573701222673463 0.34933214166635324 0.35007127127829374 0.36345045178292723
0 0.3588412283985773 0.371795032757246 0.3003171875 0.36032656250000006 0.29703286442343135 0.3770865883574856 0.3555569053220086 0.38855505861473155
0 0.3338781250000001 0.3886875 0.3179625000000001 0.38690625000000006 0.315870493719023 0.40559850962985333 0.33178611871902297 0.4073797596298533
0 0.322645739159372 0.4120591617835558 0.304071875 0.40748593750000006 0.2997163414011616 0.42517566457008904 0.31829020556053356 0.4297488888536448
0 0.3100075871876754 0.43601680629134326 0.27680312500000004 0.42652343750000005 0.2717458132463985 0.44421213374520185 0.30495027543407394 0.45370550253654496
0 0.6221687499999999 0.7471171875 0.568285292651826 0.6999498076302084 0.534014980151826 0.7390998076302084 0.5878984375 0.7862671875000001