0 0.3335125 0.8205171874999999 0.28337379945980745 0.7861230153844201 0.27260468750000005 0.8018218750000002 0.3227433880401926 0.83621604711558
0 0.34321093750000004 0.81059375 0.2927740637931441 0.7756886296686016 0.286253201071048 0.7851110847826801 0.3366900747779039 0.8200162051140785
0 0.3855140625000001 0.7609984375000001 0.33524848228870846 0.7286118220317309 0.3222399458546206 0.7488016943633982 0.37250552606591225 0.7811883098316673
0 0.5077140625000001 0.6392812500000001 0.47440291802530776 0.6185281530611585 0.46102968750000023 0.6399937500000001 0.4943408319746926 0.6607468469388419
0 0.5148984375000001 0.6273500000000001 0.483345064160175 0.6090990167799613 0.4775020199281202 0.6192008153445835 0.5090553932679452 0.6374517985646225
0 0.5812281250000001 0.6376328125 0.5462583490667626 0.6105066997012694 0.5144739740667625 0.6514816997012695 0.54944375 0.6786078125000001
0 0.6008218750000001 0.7036812500000001 0.5782463802515527 0.6885428892677643 0.5647265625000001 0.7087046875000003 0.5873020572484474 0.7238430482322362
0 0.6237265625000001 0.7126703125 0.6121928551649386 0.7021149106978233 0.5942064611385722 0.7217683363656577 0.6057401684736338 0.7323237381678346
0 0.6670915307852018 0.6921339022520895 0.6363967713338016 0.6716245072093769 0.623646875 0.6907062500000004 0.6543416344514001 0.711215645042713
0 0.6779724914071358 0.6817303746776698 0.647011283193083 0.6602421666666727 0.6387559792859474 0.6721367919890031 0.6697171875000002 0.6936250000000002
0 0.6670390625 0.6408843750000001 0.6332393715479936 0.6212341782173932 0.6193117846775207 0.6451905862440998 0.6531114756295271 0.6648407830267067
0 0.7626968749999999 0.5911484375 0.7034629954938958 0.5482088550653522 0.6785515625000001 0.5825734374999999 0.7377854420061043 0.6255130199346477
0 0.9086531250000001 0.6770750000000001 0.8568520068321342 0.6356280660088685 0.798082173394401 0.7090796532183158 0.8498832915622667 0.7505265872094473
0 0.5145859375 0.5699484375000001 0.4872316014656988 0.5507682391622121 0.4799425063316196 0.5611637707501607 0.5072968423659209 0.5803439690879487
0 0.5258609375 0.5582437500000001 0.4961671058388907 0.5385945478207501 0.4891719305227184 0.5491656415671271 0.5188657621838277 0.5688148437463771
0 0.44410156250000005 0.5468921875 0.3954831915438267 0.5151517218597299 0.3805560692862029 0.5380163003273042 0.4291744402423762 0.5697567659675744
0 0.39185781249999996 0.4837671875000001 0.3633692538515413 0.46340128507945016 0.3503828125000001 0.48156718750000005 0.3788713711484588 0.50193308992055
0 0.34167499999999995 0.489190625 0.31643437500000005 0.47527968749999994 0.30727991188187087 0.4918899533890551 0.3325205368818708 0.5058008908890551
0 0.37729069910588137 0.43932308042033086 0.3592046875 0.4264796875000001 0.3474763170842662 0.4429955291294544 0.36556232869014754 0.4558389220497851
0 0.297565625 0.4594609375 0.2653035083042916 0.4354382283269998 0.2412768317873101 0.46770567310263356 0.2735389484830185 0.4917283822756338
0 0.21816875000000002 0.41905625 0.18480725500564393 0.39582683144049996 0.15613985610831033 0.43699821428699276 0.18950135110266642 0.460227632846493
0 0.35665781250000006 0.3651890625000001 0.3147104759828558 0.3387311372587055 0.302603125 0.35792656250000005 0.34455046151714425 0.38438448774129463
0 0.4040109375000001 0.319384375 0.37430257566678327 0.2972660453048708 0.36127968750000006 0.3147578125 0.39098804933321685 0.33687614219512924
0 0.3818279643145269 0.34067422883033405 0.369579716263973 0.3318811944402317 0.36333281250000005 0.3405828125000001 0.37558106055055396 0.3493758468901024
0 0.37310059672112544 0.3522580693376628 0.36002187500000005 0.344515625 0.35491966187378604 0.3531344051590023 0.36799838359491144 0.36087684949666504
0 0.9305515625 0.37605468750000004 0.8728975272454012 0.33651323197280364 0.8534324553914635 0.36489458323915613 0.9110864906460623 0.40443603876635253
0 0.8635796875 0.3912937500000001 0.8416484375 0.3781812500000001 0.8327328706898491 0.39309293919772137 0.8546641206898494 0.40620543919772134
0 0.8221484375000001 0.3624953125000001 0.7791038437674915 0.33509141138606546 0.7697437500000003 0.3497937500000002 0.8127883437325087 0.37719765111393483
0 0.8360328125 0.34590156250000004 0.7948518678437309 0.31819940180266565 0.7857503078536101 0.3317294236061613 0.8269312525098792 0.35943158430349575
0 0.8501921874999999 0.3272093750000001 0.8079026049156189 0.2994981945005576 0.7964218749999998 0.31701875 0.8387114575843808 0.3447299304994425
0 0.7736425942434482 0.15446689659555082 0.725846875 0.12787656250000007 0.7213230307565517 0.13600810340444927 0.76911875 0.16259843750000003
0 0.7632153454100934 0.16769112645056747 0.7142515625 0.14179062500000006 0.708172626278704 0.1532825922127551 0.7571364091887975 0.1791830936633225
0 0.7092515625000002 0.1578625000000001 0.695654366462054 0.15121685725065484 0.6907453125000002 0.1612609375000001 0.7043425085379462 0.16790658024934535
0 0.7000468749999998 0.1784015625 0.7000323473705128 0.16463372803511606 0.6852245678450462 0.16464935300032177 0.6852390954745332 0.17841718746520574
0 0.7515287954163672 0.17984375226854432 0.7357843749999999 0.17558125000000008 0.7330821420836326 0.18556249773145583 0.7488265625 0.18982500000000008
0 0.7410437499999999 0.19232500000000008 0.7267109375 0.18946875000000013 0.724475001060872 0.20068879647490187 0.7388078135608719 0.20354504647490185
0 0.5246624801371179 0.11200346481263992 0.4582721415975698 0.0658144556564511 0.4513513907196051 0.07576208177205454 0.5177417292591532 0.12195109092824337
0 0.5251465005492059 0.13260846743828225 0.46692187500000004 0.0950953125 0.4598925619507942 0.10600559506171774 0.5181171875 0.14351874999999997
0 0.5117441406048312 0.1468770737111605 0.45459195765143734 0.10952605844102925 0.4488993795466061 0.11823648472986888 0.5060515624999999 0.15558750000000013
0 0.47447147751982754 0.14907815979252806 0.43887187499999997 0.12656406250000002 0.43233320998017233 0.13690309020747193 0.46793281249999985 0.15941718749999997
0 0.4679606537945123 0.1681013820842744 0.4330562499999999 0.14674687500000003 0.4264659087054875 0.1575189304157257 0.4613703124999999 0.17887343750000007
0 0.48919218750000004 0.15012812500000008 0.48279384604415443 0.14494514736370712 0.4653891585441544 0.1664310848637071 0.4717875 0.17161406250000008
0 0.40856718749999993 0.030329687500000046 0.3625050018068879 0.0007341433630428052 0.3558409393068879 0.01110601836304279 0.4019031249999999 0.04070156250000003
0 0.3995140625 0.04496250000000004 0.3409234375 0.006471875000000038 0.3346190550732909 0.01606843797137041 0.3932096800732909 0.054559062971370406
0 0.40205 0.06306250000000002 0.35395128015553834 0.033532042512903114 0.3473475104668473 0.04428815315942751 0.395446230311309 0.07381861064652442
0 0.3755828125000001 0.09068593750000001 0.31286968312617125 0.04935876317729733 0.30084687500000007 0.06760312499999999 0.36356000437382885 0.10893029932270266
0 0.35622968750000006 0.110696875 0.2969151571398168 0.07284166659939526 0.28440421963981677 0.09244479159939524 0.34371874999999996 0.1303