0 0.2416703125000001 0.6088359375000001 0.19309460252501856 0.5618247505737151 0.17545937500000006 0.5800468750000001 0.22403508497498162 0.6270580619262851
0 0.18625468750000002 0.5242671874999999 0.1414449882962144 0.48769072479119513 0.10452743082557099 0.5329182980195866 0.14933713002935659 0.5694947607283914
0 0.2409515624999999 0.46956718750000004 0.20857982514405746 0.43642573034752424 0.17739375000000002 0.4668875 0.20976548735594247 0.5000289571524759
0 0.3091625464423312 0.5425439827677387 0.2533652984288394 0.49615491352778845 0.23445275198650822 0.5189031182600499 0.29025 0.5652921875000001
0 0.28737187499999994 0.5678109375 0.237353125 0.5174296875000001 0.1978068159172911 0.5566914554678599 0.24782556591729107 0.60707270546786
0 0.8619265625000001 0.5997218750000002 0.7924536312082479 0.5331637048748382 0.753563006208248 0.5737574548748382 0.8230359375 0.6403156250000002
0 0.9702828125 0.7444250000000001 0.9460109375 0.7253515625000001 0.9363169632403165 0.7376876152688969 0.9605888382403165 0.7567610527688969
0 0.9549216118849694 0.7603885058338937 0.932971875 0.7393562499999998 0.9204596992435496 0.7524142390184669 0.942409436128519 0.7734464948523608
0 0.6233109375 0.838871875 0.5771979323147567 0.7968449938953351 0.5093410888079639 0.871299316800959 0.5554540939932071 0.913326197905624
0 0.552433831140575 0.9142115433005789 0.502085197210393 0.8691495607351964 0.48469199106981825 0.8885833299346177 0.535040625 0.9336453125000002
0 0.688569881941279 0.9449597560759331 0.6371533650978698 0.8977466538179737 0.5870705302696242 0.952288397473 0.6384870471130334 0.9995014997309595
0 0.6628207572610199 0.7861736114478661 0.6471843749999999 0.7717968749999999 0.6372761177389801 0.7825732635521339 0.6529125 0.79695
0 0.6514981071781969 0.763995814422722 0.6479328125000002 0.7416656250000001 0.6162284553218033 0.7467276230772782 0.6197937500000001 0.7690578125000002
0 0.6570615464820784 0.7375539442347192 0.6542735481380234 0.7141533781246332 0.592602626655945 0.7215009963899142 0.5953906250000001 0.7449015625000002
0 0.6571657653387671 0.6607519202394854 0.6277845905473179 0.6601088346960249 0.6272640625000002 0.6838906250000002 0.6566452372914494 0.6845337105434607
0 0.6830759288353707 0.7110245622261246 0.6822312868607956 0.6867358043568289 0.5824091404374027 0.6902071212234675 0.5832537824119778 0.7144958790927631
0 0.6978953125000001 0.6965578125000002 0.6829619052469421 0.6964110821715335 0.6827937500000001 0.7135250000000001 0.6977271572530581 0.7136717303284668
0 1.0341942555707024 0.5873514229235971 0.9969879715615729 0.5534674044938189 0.9440999659908703 0.611540981570222 0.9813062499999999 0.6454250000000001
0 0.5482743924137384 0.14917434621012168 0.53086875 0.1313921875 0.506408403300234 0.15533461512718436 0.5238140457139725 0.17311677383730603
0 0.5688383865327937 0.12514071426850001 0.552581426316008 0.10904937036915592 0.5344586647832144 0.1273586561006559 0.5507156249999999 0.14345
0 0.05861167735360122 0.8038863504807509 0.02608954181585448 0.7727036327079716 -0.03252213553774665 0.8338329072272206 8.881784197001253e-17 0.8650156250000001
0 0.4698336661700274 0.9565325275241998 0.4468296875 0.9365843750000001 0.4355319588299726 0.9496127849758004 0.45853593750000005 0.9695609375
0 0.4539937389774993 0.9720350722962637 0.43060902962561975 0.9530365377697209 0.41940435314812047 0.9668280279734571 0.4427890625 0.9858265625000001
0 0.3681485231889961 0.4530724022724854 0.33407968750000006 0.42600000000000005 0.32229835181100397 0.4408260352275146 0.35636718749999996 0.4678984375
0 0.4088343749999999 0.41446875 0.37449735045424043 0.3842623340204939 0.3630249640221893 0.3973035241697339 0.3973619885679488 0.42750994014923993
0 0.39187812499999997 0.4279062500000001 0.358416496802041 0.3996119071756983 0.339090625 0.4224671875000001 0.3725522531979589 0.45076153032430194