0 0.27789843750000004 0.9926171875000002 0.25748984375 0.9722085937500001 0.23751562500000006 0.9921828125000001 0.2579242187500001 1.01259140625
0 0.3200171875000002 0.9947875000000002 0.2759077548931109 0.9565901975314361 0.2631343750000002 0.9713406250000002 0.3072438076068894 1.0095379274685645
0 0.33477968750000014 0.9782875000000002 0.2922265625000002 0.9452875000000003 0.28100530920448263 0.959757178610328 0.3235584342044826 0.9927571786103281
0 0.3907561255600974 0.8391917639879762 0.34936042034384274 0.8052780103474853 0.3378203125000001 0.8193640625 0.3792160177162548 0.8532778161404911
0 0.37255625000000026 0.8554046875000001 0.3328356460529154 0.8237171754116996 0.3234906250000001 0.8354312500000001 0.3632112289470849 0.8671187620883005
0 0.3608328125 0.8684312500000001 0.3136182415494996 0.8349874480938748 0.3014750777458839 0.8521306625698688 0.3486896486963843 0.8855744644759941
0 0.31002968750000004 0.8593125000000003 0.30104023758675647 0.8500420350101926 0.28671055008675644 0.8639373475101927 0.2957 0.8732078125000001
0 0.12633281249999997 0.8574671875 0.10564261304613284 0.8400951671787237 0.09794657946084465 0.8492611977807171 0.11863677891471176 0.8666332181019936
0 0.1467218750000001 0.8767125 0.12691120306159598 0.8559008747043171 0.10785000000000008 0.8740453125000001 0.12766067193840422 0.8948569377956831
0 0.1275725202244095 0.8923541795455965 0.07899826288505288 0.8566351722392943 0.06482242709294202 0.875912883119153 0.11339668443229867 0.9116318904254552
0 0.49191406249999997 0.9984375 0.49163775435389534 0.9808555073016727 0.44980061232928803 0.9815129949567686 0.45007692047539266 0.9990949876550959
0 0.9581578125 0.7888296875000002 0.9284792689602057 0.76458000470686 0.9195714686987438 0.7754820251645616 0.9492500122385381 0.7997317079577017
0 0.9449374999999998 0.7978437499999999 0.9152587437229883 0.7735941957959442 0.9063510202560945 0.7844962582228382 0.936029776533106 0.8087458124268936
0 0.9307062500000003 0.8082281250000001 0.9031626802379031 0.7840540742619428 0.8939562500000002 0.7945437500000001 0.9214998197620974 0.8187178007380572
0 0.8226953124999999 0.7217828125000001 0.7600989330049926 0.670857327739359 0.7204367242134537 0.7196091596520954 0.7830331037084611 0.7705346444127363
0 0.9931953124999999 0.5902906250000001 0.9501996069726323 0.5530271177330903 0.9305562500000001 0.5756921875000001 0.9735519555273677 0.6129556947669099
0 1.0112182979397402 0.5696227689829964 0.9717735610833556 0.5367466258167414 0.954241967020595 0.5577810005297811 0.9936867038769795 0.590657143696036
0 0.9569421874999999 0.5263578125 0.9459283152750038 0.5148693367125159 0.9290406250000002 0.5310593750000001 0.9400544972249965 0.5425478507874841
0 0.9440890625 0.5150718750000001 0.932006960513889 0.502861725553176 0.9168156249999999 0.5178937500000002 0.9288977269861108 0.5301038994468243
0 0.06511250000000013 0.5905375000000002 0.028939062500000112 0.5622015625000001 0.017602397269504744 0.576673861190444 0.05377583476950476 0.6050097986904439
0 0.04274421283883201 0.6102068196158648 0.008721231702745812 0.5753111065075212 -0.0050178416218110925 0.588706569471622 0.0290051395142751 0.6236022825799656
0 0.5433734375 0.49213593750000006 0.5252489812808221 0.4747533432855593 0.5152369627541007 0.485192659144547 0.5333614189732786 0.5025752533589878
0 0.5528609376718348 0.47783285109336937 0.5366892992247465 0.4623646294190305 0.5272581243454014 0.4722246866053748 0.5434297627924896 0.48769290827971357
0 0.5497 0.45481406249999995 0.5301869088861336 0.4406593221520974 0.5223933740930771 0.45140314017900557 0.5419064652069434 0.4655578805269081
0 0.531671875 0.4630375000000001 0.5143128914432501 0.45114458737933416 0.508689809414891 0.45935207965493746 0.5260487929716409 0.47124499227560335
0 0.5187031250000002 0.47568906250000004 0.5087025687725171 0.46092700878853077 0.4859258440112197 0.4763571055152678 0.49592640023870277 0.4911191592267371
0 0.486759375 0.45892656250000013 0.47219207372835215 0.44167204166430807 0.4307765624999999 0.4766375000000001 0.4453438637716478 0.49389202083569217
0 0.5057359375 0.43900000000000017 0.4892629031551109 0.42708414732378336 0.4817820704603548 0.4374260017640491 0.49825510480524393 0.449341854440266
0 0.4769546875 0.43899999999999995 0.4667297883798264 0.42326923652364734 0.4532328124999999 0.4320421875 0.46345771162017346 0.44777295097635267
0 0.4913641830702343 0.412976806763851 0.4616410886184584 0.3826210401486773 0.39598593750000005 0.4469078125000002 0.42570903195177606 0.4772635791151739
0 0.23751093750000002 0.35352968749999997 0.17208620556043328 0.29859730200142287 0.143450160432729 0.33270296770818375 0.20887489237229576 0.38763535320676085
0 0.1674609375 0.29442500000000005 0.15385510858465057 0.2741125500920355 0.12104280171844743 0.2960911216362024 0.13464863063379687 0.31640357154416693
0 0.14940156250000003 0.27581875000000006 0.13234004326833232 0.256063036790117 0.10159266143220388 0.2826172310602635 0.11865418066387157 0.30237294427014655
0 0.11003125 0.24971874999999993 0.09431145440612339 0.22933251871782878 0.045101441366373216 0.267278293758329 0.06082123696024984 0.28766452504050016
0 0.0873046875 0.23364375000000007 0.07462282774390247 0.2177914253048781 0.027505640243902472 0.2554851753048781 0.04018750000000002 0.2713375
0 0.29590468749999993 0.2602062500000001 0.2586274699380236 0.22875396798276548 0.24669735380167473 0.2428935313540538 0.2839745713636511 0.2743458133712884
0 0.3075171875 0.2507453125000001 0.2713674486064578 0.22062082192482446 0.2614968750000001 0.23246562500000004 0.29764661389354224 0.26259011557517564
0 0.26526591456980986 0.28262781798115644 0.22634290954144953 0.2504727481166331 0.1968184205519114 0.28621149283842434 0.23574142558027172 0.31836656270294766
0 0.6962125000000001 0.2822218750000001 0.6572296875 0.2786781250000001 0.6562658564871999 0.28928069111038407 0.6952486689872 0.2928244411103841
0 0.6987890625000001 0.26031406250000005 0.6986197480649906 0.247096029763003 0.67269375 0.24742812500000005 0.6728630644350094 0.2606461577369971
0 0.6366109375 0.2384062500000001 0.6205015625000001 0.2377625000000001 0.6200136431224248 0.24997232714271966 0.6361230181224247 0.25061607714271966
0 0.656584375 0.22809687500000003 0.6405263035293526 0.2267016988199269 0.6395093749999999 0.23840625000000007 0.6555674464706474 0.23980142618007322
0 0.662521894390978 0.22355137245989942 0.6623818686102249 0.21177833108783456 0.6320443048780844 0.21213915892437152 0.6321843306588375 0.22391220029643638
0 0.611803125 0.22294218750000008 0.5966609375 0.22294218750000008 0.5966609375 0.23035312500000008 0.611803125 0.23035312500000008
0 0.605359375 0.23389687500000006 0.591184375 0.23389687500000006 0.591184375 0.2471046875000001 0.605359375 0.2471046875000001
0 0.80575 0.1962015624999999 0.7722409693915624 0.15575150104069713 0.7234470073793376 0.19617266005969164 0.7569560379877752 0.23662272151899438
0 0.5861984375 0.12454687500000006 0.5561729502325479 0.08874600177327943 0.5007300792356881 0.1352448457161341 0.5307555665031403 0.17104571894285472
0 0.5267484375 0.08602031250000004 0.5021745363016101 0.06452021329122734 0.4842148094600782 0.08504758614975778 0.5087887106584681 0.10654768535853047
0 0.5074859375 0.10860468749999999 0.4757452940950846 0.08238462644498148 0.45600625000000006 0.10627968749999998 0.4877468934049155 0.1324997485550185
0 0.649634375 0.05081562499999999 0.6230532021775435 0.026806780364985718 0.5951547646775435 0.057694280364985716 0.6217359374999999 0.08170312499999999
0 0.4255967285577943 0.000050443109206885564 0.3453847252381351 -0.000424970141532836 0.34516242730952185 0.03708126713758808 0.425374430629181 0.0375566803883278
0 0.040418750000000024 0.27736562500000006 0.030002103807548273 0.2577805643669321 0.007457879651498333 0.26977109179580266 0.017874525843950086 0.2893561524288707
0 0.12081599608508062 0.31758276661520873 0.09335794722622752 0.29434877364587597 0.08512632614114693 0.30407694453066725 0.11258437500000003 0.3273109375