0 0.26603750000000015 0.5884281250000001 0.22751550332936668 0.5556859941892733 0.20791862832936667 0.5787422441892734 0.24644062500000014 0.6114843750000002
0 0.20263593750000006 0.5909250000000001 0.16457053676158906 0.5598098392699126 0.1447814742615891 0.5840192142699124 0.18284687500000013 0.615134375
0 0.15960468750000012 0.684815625 0.12465390989641593 0.6517659357179497 0.10258906250000015 0.6751 0.13753984010358433 0.7081496892820504
0 0.1394062500000001 0.6139890625000002 0.11867218698352314 0.5971444510245517 0.09872999948352312 0.6216913260245518 0.11946406250000008 0.6385359375000002
0 0.19182031250000003 0.6725421875 0.17063771596685232 0.650566720116555 0.15240864501677373 0.6681380895155301 0.17359124154992145 0.690113556898975
0 0.32857656250000006 0.7237515625000001 0.2940789115167128 0.689255421921747 0.25744375 0.7258921875000001 0.2919414009832873 0.760388328078253
0 0.44899843749999996 0.7602359375000001 0.41390383326460034 0.7248692263150689 0.3605928476837833 0.7777700439957081 0.395687451919183 0.8131367551806393
0 0.38231093750000006 0.8211171875 0.31600589963154235 0.7714630409148778 0.2866750000000001 0.8106296875000002 0.35298003786845783 0.8602838340851223
0 0.10940156250000008 0.9513125 0.06713593750000006 0.9165640625 0.04686972920490255 0.9412144934718235 0.08913535420490257 0.9759629309718235
0 0.07226406250000013 0.9823515625000002 0.029337917859274844 0.9491796433444746 0.012314062500000134 0.9712093750000002 0.05524020714072542 1.0043812941555257
0 0.6179531249999999 0.5424906250000001 0.5718897023830781 0.5094203650571294 0.5583203246533432 0.5283210928437635 0.604383747270265 0.5613913527866341
0 0.6929484375000002 0.9123343750000004 0.675195116534505 0.8992744607265326 0.658095116534505 0.9225197732265326 0.6758484375000002 0.9355796875000003
0 0.6683671875 0.9326406250000001 0.6515650972102289 0.9218881256160583 0.6363046875000002 0.9457343750000001 0.6531067777897712 0.9564868743839423
0 0.7036359374999999 0.955353125 0.6799514225893664 0.9345508031326201 0.6625842350893663 0.95432424063262 0.6862687499999998 0.9751265625000001
0 0.7220718749999999 0.9866156250000001 0.6916843049186987 0.9652116853881874 0.6790546875000002 0.9831421875000004 0.7094422575813015 1.004546127111813
0 0.7471874999999999 0.9561546875 0.7291219634336809 0.9414136589781105 0.7175296875000001 0.9556203125 0.735595224066319 0.9703613410218892
0 0.7296055515771407 0.967697649985763 0.7131141997816061 0.9563676666586407 0.7041703125000001 0.9693859375000005 0.7206616642955347 0.980715920827123