0 0.23853516672099673 0.7294454083528563 0.16868906250000001 0.6797734375000002 0.1557605762552879 0.6979527926204737 0.22560668047628463 0.7476247634733298
0 0.18458239008348526 0.727166159343343 0.12613593750000002 0.6840703125 0.11638479741651486 0.6972947781566571 0.17483125000000013 0.7403906250000001
0 0.13640312499999996 0.7178046874999999 0.11293593750000004 0.700790625 0.10444329366949216 0.7125043744435116 0.12791048116949208 0.7295184369435115
0 0.12525624999999999 0.7351109375 0.10120312499999988 0.71663125 0.09304229452093087 0.727253370943163 0.11709541952093097 0.7457330584431631
0 0.11469687499999996 0.7506578124999999 0.08906183859701558 0.7317541065612879 0.0801208052187858 0.7438789098604042 0.10575584162177018 0.7627826157991162
0 0.1758428782134281 0.7979687876054651 0.148243227039707 0.7806380187235089 0.14019097382627893 0.7934614186180438 0.16779062500000003 0.8107921875
0 0.20628977294936862 0.7518789486943531 0.18555221146621745 0.737951695382511 0.1713999385168489 0.7590243091881581 0.19213750000000007 0.7729515625000001
0 0.18797255019600842 0.7822084644691037 0.16280468749999993 0.7647390625 0.15307448535408236 0.7787571950065372 0.17824234805009084 0.796226596975641
0 0.8575508809516939 0.5735370496832473 0.7778109375000001 0.5103890625 0.7691897440483064 0.5212754503167528 0.8489296875000001 0.5844234375
0 0.8561078124999998 0.5447140625000002 0.7876828125 0.49289062500000014 0.779997182565325 0.503038335257162 0.8484221825653246 0.5548617727571621
0 0.8648315739157937 0.5331787596425399 0.7989 0.481896875 0.7950094689503635 0.4868988135453324 0.860941042866157 0.5381806981878723
0 0.8562328125 0.7642078125000001 0.8409840616521624 0.7539145483967621 0.8322370284399321 0.7668726663244951 0.8474857792877698 0.7771659304277332
0 0.8721453125 0.7744515625000001 0.8568956830403527 0.7641594918208733 0.8481490183550136 0.777119312989777 0.8633986478146609 0.787411383668904
0 0.882156707680144 0.782602737303226 0.8699750128846603 0.7750771196501101 0.86174424980595 0.788400231237804 0.8739259446014336 0.79592584889092
0 0.9023031249999999 0.7989421875 0.8870536495828603 0.7886484342955062 0.87830661637063 0.8016065522232395 0.8935560917877696 0.8119003054277332
0 0.9155484375 0.8078515625 0.9002977345249794 0.7975587672986068 0.8915510698396403 0.8105185884675107 0.9068017728146609 0.8208113836689039
0 0.9283140624999998 0.8190968749999998 0.9130642382534182 0.8088028863274597 0.904317205041188 0.8217610042551928 0.9195670292877696 0.832054992927733
0 0.9139156249999999 0.8378937499999999 0.8745703125000002 0.80721875 0.8652555865866086 0.8191662904047021 0.9046008990866085 0.8498412904047019
0 0.89981875 0.8561406250000001 0.8604749999999999 0.8254656250000002 0.8511606294007843 0.8374122352123194 0.8905043794007843 0.8680872352123196
0 0.8867234375 0.8740546875000004 0.8473796874999999 0.8433796875000003 0.8380660745624142 0.8553253259356366 0.8774098245624143 0.8860003259356365
0 0.8739007497984994 0.8915585209239059 0.8346218750000001 0.861959375 0.8250180002015007 0.8747039790760944 0.8642968750000002 0.9043031250000002
0 0.6942953125000001 0.8281796875000002 0.6086513294621027 0.7648776130806848 0.5752622669621027 0.8100510505806848 0.6609062500000001 0.8733531250000002
0 0.5284631343091231 0.932693138005613 0.4702675924931218 0.8905756905185578 0.43282253385400515 0.9423151858074185 0.4910180756700065 0.984432633294474
0 0.4546500380794468 0.43301927047453015 0.4332453125000001 0.4174187500000001 0.4237093369205532 0.43050260452546996 0.4451140624999999 0.44610312500000004
0 0.4444546875000001 0.447421875 0.3633453125000001 0.3860953125 0.3544433756796576 0.39786884915937926 0.43555275067965765 0.4591954116593794
0 0.4268842271566552 0.46129603131045044 0.34665248016408623 0.3997851308981513 0.3388354405074311 0.409981287087701 0.41906718749999994 0.4714921875
0 0.7020033453654375 0.05474375019050459 0.6857298188605075 0.04404926746362157 0.6646233484950701 0.07616645477311704 0.680896875 0.08686093750000005
0 0.6923844633396306 0.0985179995779503 0.6590666192461617 0.07256920187410439 0.6427140625000002 0.09356562499999992 0.676031906593469 0.11951442270384582
0 0.670728421523793 0.03143654519422423 0.6327603600230619 0.0022984305525111993 0.591816682939419 0.05564958482906106 0.6297847444401501 0.0847876994707741
0 0.5789101366041074 0.2271329575254099 0.5374187499999998 0.19579062500000013 0.5300156099101125 0.20559099793985264 0.57150699651422 0.2369333304652624
0 0.6117734374999999 0.22851718749999997 0.560959375 0.18861250000000002 0.5524438786906966 0.19945601209815805 0.6032579411906964 0.23936069959815803
0 0.9211265763274337 0.5088580199115046 0.857978125 0.4536031250000002 0.8492169939159293 0.4636158462389382 0.9123654452433628 0.5188707411504426
0 0.9372906249999999 0.48954843750000004 0.8849375 0.4446171875000001 0.8750009673224671 0.45619506564346296 0.927354092322467 0.5011263156434629
0 1.0047088977731407 0.4422562988666613 0.9490125000000003 0.39382656250000003 0.9123739291799765 0.43596258402986693 0.968070326953117 0.48439232039652813
0 0.18131875000000003 0.490853125 0.13881020147667483 0.4617810949302523 0.12523759083901526 0.4816266982986779 0.16774613936234045 0.5106987283684254
0 0.21193750000000006 0.4638234375 0.19547642174900653 0.4512197419459122 0.18179687500000002 0.46908593749999994 0.19825795325099355 0.4816896330540878
0 0.16840156250000005 0.44444687500000013 0.15172681805423122 0.4335804488764051 0.1378533805542312 0.4548695113764051 0.15452812500000002 0.46573593750000014