0 0.15876406250000002 0.5581671874999999 0.12276761576210586 0.5201744747502053 0.08411093749999994 0.5568 0.12010738423789409 0.5947927127497946
0 0.06577343750000017 0.6433000000000001 0.03602031250000013 0.6205828125 0.028359871150820126 0.6306158356908032 0.058112996150820176 0.6533330231908032
0 0.052437499999999956 0.6562328124999999 0.022524521982895784 0.6326903799718627 0.013574242706960015 0.6440625908471843 0.04348722072406419 0.6676050233753216
0 0.03950468749999998 0.6697718750000001 0.008792187499999927 0.6453218750000002 -0.0001669149213749499 0.6565757168452547 0.030545585078625103 0.6810257168452548
0 0.22670781250000002 0.5964218750000001 0.19275722704779902 0.5600322487064734 0.12408351737066656 0.6241030536635411 0.15803410282286762 0.6604926799570678
0 0.5705 0.5846015625000002 0.5280070123560139 0.5541055397903255 0.5132337728627182 0.5746904891532831 0.5557267605067044 0.6051865118629578
0 0.5905625000000001 0.5669468750000002 0.5566689220183814 0.5419780600117264 0.5422596743478836 0.5615376970952578 0.5761532523295024 0.5865065120835316
0 0.7554421874999999 0.6353296875000002 0.7026605595546573 0.5916531199509671 0.6738145564228921 0.6265125214664766 0.7265961843682347 0.6701890890155097
0 0.5150140625 0.8681015625 0.4539869419162475 0.8200396278600868 0.44491851948063504 0.8315543476404874 0.5059456400643876 0.8796162822804007
0 0.5044968749999998 0.880371875 0.44272743606350173 0.83073391866981 0.42336406249999997 0.8548296875 0.4851335014364981 0.9044676438301901
0 0.4383890625000001 0.7721875 0.41904523560200646 0.7550027030130344 0.4093406250000001 0.7659265625000001 0.42868445189799376 0.7831113594869658
0 0.4161015625000001 0.7756937500000001 0.4059094918432651 0.7662314146457824 0.39456718749999997 0.7784484375 0.40475925815673486 0.7879107728542178
0 0.45166093749999997 0.7594156249999999 0.43095156250000005 0.745103125 0.42306450513205734 0.7565152492745317 0.4437738801320574 0.7708277492745317
0 0.4852156250000001 0.7571625000000001 0.4624038816509601 0.7426209846029277 0.45491820093490015 0.7543640129342112 0.47772994428394017 0.7689055283312836
0 0.47645156250000015 0.7694328125000002 0.45690122214720946 0.7555339418878507 0.44813503687704737 0.7678645772617407 0.46768537722983794 0.7817634478738902
0 0.46292968749999996 0.7814531250000002 0.4455078170665473 0.7684216777736936 0.43613437500000013 0.7809531250000002 0.4535562454334528 0.7939845722263068
0 0.40508437500000005 0.8307875000000001 0.3954555216251245 0.822690633789987 0.38618989662512454 0.8337093837899869 0.3958187500000001 0.8418062500000001
0 0.41721874999999997 0.9718828125000002 0.35358701401508985 0.9188310889905085 0.34013125000000016 0.9349703125000002 0.4037629859849103 0.9880220360094919
0 0.3914140625 0.9797218750000003 0.33782223465952743 0.9322169915159609 0.32209717861157483 0.94995694654157 0.3756890064520474 0.9974618300256093
0 0.9508535491164565 0.8557827566153529 0.9267207704842025 0.8376786816521362 0.918881283867746 0.8481287375367834 0.9430140625 0.8662328125000002
0 0.9861921875 0.8828406250000003 0.9545867145872 0.8600392053515554 0.9471636483402331 0.8703284558813765 0.9787691212530332 0.8931298755298211
0 0.9568546874999999 0.8825640624999999 0.916182024527977 0.8489592591066473 0.9064828124999998 0.8606984374999997 0.9471554754720227 0.8943032408933524