0 0.632080041552407 0.9159809665499917 0.5988780616077151 0.8849415582695963 0.5608284584799895 0.9256421460043228 0.5940304384246815 0.9566815542847185
0 0.6643671875000001 0.8894968750000002 0.6388619638629205 0.8677989228438185 0.6126729013629205 0.8985832978438186 0.6381781250000002 0.9202812500000002
0 0.4465859375000001 0.753959375 0.41603525806845687 0.7275740533144177 0.398803125 0.7475265624999999 0.4293538044315432 0.7739118841855822
0 0.45715468749999993 0.7401765625 0.4268296875 0.7172031249999999 0.41890244746846694 0.7276671034079436 0.4492274474684669 0.7506405409079436
0 0.17024218749999998 0.54978125 0.10865468750000003 0.5012125000000001 0.10018888557808721 0.5119475420973529 0.16177638557808716 0.5605162920973529
0 0.1772592055443891 0.5407744980030285 0.11531223252550415 0.49418685957095354 0.11079833948111503 0.5001889240679251 0.17274531249999997 0.5467765625000001
0 0.4631578125 0.41659218750000004 0.41765842135057174 0.373285826633058 0.3745328125 0.41859531250000004 0.4200322036494282 0.46190167336694216
0 0.5067203125 0.3830437500000001 0.45357167178880947 0.3406320561231049 0.43118671779948575 0.3686839863376449 0.48433535851067633 0.4110956802145401
0 0.40707812500000007 0.44913906250000013 0.397513039437812 0.441009709861954 0.38805156250000006 0.45214218750000007 0.39761664806218805 0.4602715401380462
0 0.39199217459535995 0.4621521269096018 0.3815421874999999 0.45314375 0.367504174054588 0.4694282661588082 0.37795416114994806 0.47843664306841005
0 0.372028125 0.4826859375 0.362425080304997 0.4741500827580998 0.354414142804997 0.4831625827580998 0.36401718749999995 0.49169843750000003
0 0.3945609375 0.49670625000000007 0.38554843750000006 0.48719218750000015 0.37603437500000003 0.49620468750000024 0.38504687499999996 0.5057187500000001
0 0.41809375 0.4871921875 0.4080796875 0.4786796875 0.4009009318072837 0.48712473985584054 0.41091499430728373 0.4956372398558405
0 0.09860624999999999 0.0907421875 0.043563777414128264 0.0491257230943283 0.012098437500000003 0.0907421875 0.06714091008587172 0.13235865190567173