0 0.35987666444961663 0.44514563127231954 0.30052187500000005 0.38547968750000017 0.24800771055038345 0.4377199937276807 0.3073625000000001 0.4973859375000001
0 0.2747156250000001 0.30769531250000004 0.23915625000000004 0.27170000000000005 0.21738739628762435 0.2932052121711268 0.2529467712876244 0.3292005246711268
0 0.3720154082108186 0.25932914003225765 0.3025267370961474 0.19353147292195233 0.26914414138532883 0.22878670788969463 0.3386328125 0.29458437499999995
0 0.2974843749999999 0.283875 0.2612140625 0.247265625 0.24093284298617146 0.2673590073548656 0.2772031554861714 0.3039683823548656
0 0.8036234375 0.4387640625000001 0.7653453125000002 0.40065468750000016 0.7527262321884933 0.41332964565790464 0.7910043571884932 0.45143902065790475
0 0.7500203124999998 0.4945906250000002 0.7021921874999999 0.43811093750000013 0.6878844003062377 0.45022705684603326 0.7357125253062377 0.5067067443460334
0 0.68570946544458 0.4546290694536227 0.6701484374999999 0.433690625 0.6548795970554199 0.4450381180463775 0.670440625 0.46597656250000014
0 0.7701006617157095 0.47114372695222384 0.76045 0.4599593750000001 0.7454274632842903 0.47292189804777635 0.7550781249999999 0.48410625000000007
0 0.783728125 0.45261718750000013 0.7733145823545916 0.4410540075617412 0.7603333323545917 0.45274463256174124 0.770746875 0.4643078125000001
0 1.001975464271991 0.5674188880588188 0.9984374999999999 0.5507609375000001 0.964302660728009 0.5580107994411813 0.967840625 0.57466875
0 0.9906365733350917 0.5998024144090925 0.987684375 0.5808609374999999 0.9614040516649082 0.5849569605909073 0.96435625 0.6038984374999999
0 1.0014408611468464 0.6181986889265245 0.9984375 0.6021109375 0.9378341388531535 0.6134247485734754 0.9408374999999998 0.6295124999999999