0 0.2267843750000001 0.816278125 0.17290225183823535 0.7839488511029412 0.15191410845588232 0.8189290900735294 0.20579623161764707 0.8512583639705882
0 0.3981671875000002 0.9492468750000003 0.36501322460915747 0.9258883287002121 0.355321875 0.9396437500000001 0.3884758378908427 0.9630022962997881
0 0.3412859375000001 0.78746875 0.289714570200817 0.7591882451566911 0.27048562729807857 0.7942534917888343 0.32205699459726167 0.8225339966321432
0 0.30670587169178465 0.7066003839514472 0.27467765339477385 0.6796279391761064 0.23860468749999994 0.7224625 0.27063290579701077 0.7494349447753408
0 0.23934375000000005 0.6774000000000001 0.20045683363862543 0.6506114384868482 0.18080819159384273 0.6791338770446232 0.21969510795521735 0.7059224385577751
0 0.10342031250000008 0.7379749999999999 0.06111370438700945 0.7100368013151751 0.048089940591164025 0.7297585907291172 0.09039654870415466 0.757696789413942
0 0.763301961529753 0.6907415149780644 0.7040110528135436 0.6529426885411453 0.6799475412344946 0.6906885024437511 0.739238449950704 0.7284873288806701
0 0.516046875 0.4557328125 0.46530989062828904 0.42038068085526914 0.44867187499999994 0.444259375 0.49940885937171087 0.47961150664473073
0 0.48529687499999996 0.2978859375000001 0.4675522269809754 0.28102872265866374 0.4004687500000001 0.3516437500000001 0.4182133980190247 0.36850096484133643
0 0.8625875000000001 0.5286984375000002 0.8263877954143348 0.4949738007204222 0.7674015625 0.5582890625000001 0.8036012670856654 0.5920136992795781
0 0.8694921875 0.6510093750000002 0.8103093749999999 0.6510093750000002 0.8103093749999999 0.6618593750000001 0.8694921875 0.6618593750000001
0 0.8310234375000001 0.6505156249999999 0.830617198461011 0.6415886506748734 0.8186937500000001 0.64213125 0.8190999890389892 0.6510582243251267
0 0.8803421875000002 0.6401593750000001 0.8553082407860455 0.6390201573788004 0.8548144907860454 0.6498701573788004 0.8798484375000001 0.6510093750000001
0 0.8963991644200003 0.5992399703534642 0.8498065636650617 0.5982368525310449 0.8495308367450614 0.6110437571775807 0.8961234375 0.6120468750000001
0 0.9228610662295464 0.5878865531353504 0.8665328125 0.5873875000000002 0.8664279962704537 0.5992181343646499 0.9227562500000002 0.5997171875000001
0 0.90006875 0.5755515625000002 0.8749171875 0.5755515625000002 0.8749171875 0.5854156250000002 0.90006875 0.5854156250000002
0 0.8964913600851266 0.5642738732362413 0.8808343750000003 0.5637140625000001 0.8804664524148738 0.5740042517637589 0.8961234375000002 0.5745640625000001
0 0.9064372553622506 0.5514613962269179 0.892178125 0.5508921875000001 0.8917283696377494 0.5621589162730822 0.9059875 0.5627281250000001
0 0.9396781250000004 0.7260609375 0.892926913877784 0.6935026811878644 0.8774904153523446 0.7156683338761383 0.9242416264745609 0.7482265901882739
0 1.0119388753827225 0.7479171915108307 0.969072930554239 0.7146796124397764 0.9524452657561957 0.7361240311303112 0.9953112105846792 0.7693616102013655
0 1.0129185987906801 0.6760970969565852 0.969542982573025 0.6481509736834834 0.9550618837823448 0.6706273142268983 0.9984375 0.6985734375
0 0.9458484374999998 0.3191343750000001 0.9052850060659867 0.2836043690806286 0.8404343750000001 0.3576421875000001 0.880997806434013 0.3931721934193716
0 0.7101078124999999 0.18038593750000018 0.6448864664332932 0.13957392778170866 0.6296807270188529 0.16387409823141044 0.6949020730855596 0.20468610794970193
0 0.28919843749999996 0.15305937500000003 0.2626858655631872 0.1301783185936874 0.2365761701397866 0.16043195574525698 0.2630887420765994 0.1833130121515696
0 0.5664187500000001 0.9926218750000002 0.5309830345064162 0.9676855692828212 0.5221085194415023 0.9802966911767577 0.5575442349350862 1.0052329968939369
0 0.554065625 0.95494375 0.5417109375000001 0.9450609375000001 0.5292376759193425 0.9606539935186973 0.5415923634193424 0.9705368060186974
0 0.6047156250000001 0.9469140625000001 0.5903027792090693 0.9370867455470024 0.579390625 0.9530906250000001 0.5938034707909309 0.9629179419529976
0 0.5701250000000001 0.9382656250000002 0.5574816839323709 0.9289502061319054 0.5478875000000001 0.9419718750000001 0.5605308160676293 0.951287293868095