0 0.36406093750000007 0.8815015624999999 0.3458737703456285 0.8796115580739648 0.34313750000000015 0.9059421875 0.3613246671543717 0.907832191926035
0 0.39498593750000016 0.913865625 0.3255062500000001 0.910425 0.32413195777726983 0.9381773398129637 0.3936116452772699 0.9416179648129637
0 0.4529636390872132 0.9422603701299149 0.45261250000000003 0.9151468749999999 0.41528792341278686 0.915630254870085 0.41563906250000004 0.94274375
0 0.35772343750000013 0.9465390625000001 0.30473906250000005 0.9421093750000002 0.3024372612744778 0.9696416781948731 0.3554216362744778 0.974071365694873
0 0.4217968750000002 0.9486140625000002 0.37126008677400013 0.9464141480972037 0.37005156250000015 0.9741765625000001 0.4205883507260002 0.9763764769027967
0 0.38881093750000006 0.9793765625 0.31908370270785597 0.9787535012029902 0.3189078125000001 0.9984375 0.3886350472921442 0.9990605612970098
0 0.19377343750000026 0.9772562500000003 0.13406562500000013 0.9148578125000002 0.11068174217192742 0.9372333806609904 0.17038955467192754 0.9996318181609904
0 0.1631578125 0.9984375 0.10699531250000005 0.9416453125 0.0801500955576552 0.9681928811514883 0.13631259555765513 1.0249850686514883
0 0.1130289186446615 0.6530682270285589 0.07157500000000008 0.6097546875000001 0.035939831355338604 0.6438598979714412 0.07739375000000001 0.6871734375
0 0.1735127731294249 0.594149215335463 0.13111715462914172 0.5495847876789366 0.09028875649971693 0.5884261973434736 0.1326843750000001 0.632990625
0 0.08824713826154547 0.5541343785037255 0.03366876185808283 0.5019438993451505 -0.0466471264034626 0.5859345208414248 0.007931250000000034 0.6381249999999999
0 0.5320546875 0.42385624999999993 0.4713810162512102 0.3630897375315367 0.4217182031417571 0.412676674044585 0.48239187439054687 0.4734431865130483
0 0.93583125 0.47884062500000013 0.9227320782266112 0.4657702890905092 0.8908617657266111 0.49771091409050916 0.9039609375 0.5107812500000001
0 0.9669746879784533 0.5110120696678129 0.93725 0.4817265625 0.9055099748255806 0.5139425777232163 0.9352346628040337 0.5432280848910291
0 0.6206038159011442 0.15963109174047768 0.5621578125000001 0.09781562499999996 0.5103211840988559 0.14682672075952227 0.5687671875 0.20864218750000002