0 0.2240921650086634 0.7905846303394135 0.19023679640601884 0.7656726483130797 0.16693437500000008 0.7973406250000001 0.20078974360264462 0.8222526070263338
0 0.21741604987059776 0.7434869352042115 0.18250421149863386 0.7132739352474939 0.16082253662803617 0.7383276250432824 0.19573437500000007 0.7685406250000002
0 0.3041891175138497 0.710124437656794 0.24581666560368198 0.6715993718387749 0.20945973266612833 0.7266867097689265 0.26783218457629604 0.7652117755869455
0 0.3294429009449663 0.6082226441055913 0.23253593750000007 0.5280046875 0.22256178655503378 0.5400539183944086 0.3194687500000001 0.620271875
0 0.3005488100805141 0.6172007029725114 0.23050260653871177 0.5601863512524398 0.22062254645819773 0.5723247107799285 0.29066875000000003 0.6293390625
0 0.34398906250000005 0.41080312500000005 0.3422747674599818 0.39773392947986136 0.3274280845845638 0.3996813787145777 0.3291423796245819 0.41275057423471634
0 0.38632641140574664 0.4584172500701775 0.3777335304982842 0.40621713842011153 0.3318819767524918 0.4137649563903286 0.34047485765995433 0.46596506804039456
0 0.39781875 0.4410234375 0.3971706988738636 0.4217629295676722 0.36724083484113634 0.42276996853879734 0.3678888859672727 0.44203047647112514
0 0.3848500057937897 0.4583008004761438 0.3785651738194716 0.4425869872717401 0.3603698555256819 0.44986431179559644 0.3666546874999999 0.4655781250000001
0 0.514345945497255 0.39842041034909764 0.44798593750000004 0.34713281250000005 0.428252492002745 0.37266552715090234 0.4946125 0.423953125
0 0.4919421875000001 0.42785625000000005 0.44552031250000007 0.38862343750000006 0.424490877055112 0.41350632917500196 0.47091275205511207 0.4527391416750019
0 0.5403796875 0.21877656250000008 0.49978437500000006 0.21877656250000008 0.49978437500000006 0.2336046875000001 0.5403796875 0.2336046875000001
0 0.538434375 0.2374953125000001 0.5080484375000001 0.2374953125000001 0.5080484375000001 0.2518359375000001 0.538434375 0.2518359375000001
0 0.5564330857737474 0.21973406303906023 0.5367328125000002 0.20540781250000006 0.5289434767262529 0.2161190619609398 0.5486437500000001 0.23044531250000003
0 0.563959375 0.20735156250000006 0.5498593750000002 0.19714218750000012 0.5441570910880913 0.2050175180817364 0.5582570910880913 0.21522689308173634
0 0.8286723979259495 0.2057350541291477 0.7607059004054537 0.1551043821838543 0.6885163149795042 0.25201151555470663 0.7564828125 0.30264218750000005
0 1.0094364907904583 0.804124875726522 0.9317241726684025 0.7390087593780593 0.8920423693779442 0.7863666961515373 0.9697546875 0.8514828125000001
0 0.9984375 0.885275 0.9560265625 0.885275 0.9560265625 0.9651781250000001 0.9984375 0.9651781250000001
0 0.07436093750000002 0.32126093750000007 0.02430156250000004 0.29015625 -0.010573326819623285 0.3462833261049928 0.03948604818037669 0.3773880136049928
0 0.11858906250000004 0.2741171875 0.07935265755560408 0.2442982261135948 0.06088390755560409 0.2685997886135948 0.10012031250000004 0.29841875
0 0.1351140625 0.25175937499999995 0.09787879013219916 0.22257519093589823 0.08262343750000001 0.24203906249999996 0.11985870986780085 0.27122324656410174
0 0.0622593750000001 0.9608484374999999 1.1766999634501105e-16 0.9608484374999999 1.199716625986898e-16 0.9984375 0.06225937500000012 0.9984375