0 0.16419062499999998 0.87771875 0.1848328125 0.8556703125 0.16747499999999998 0.8383125 0.1463640625 0.8608296875000001 0.16419062499999998 0.87771875
0 0.1914 0.849571875 0.22283124999999998 0.815325 0.20218906250000002 0.7970296875 0.18060937500000002 0.8204859375 0.1857703125 0.8247078125 0.1782640625 0.8354968749999999 0.1914 0.849571875
0 0.1899921875 0.767475 0.16888281249999998 0.78999375 0.1862390625 0.8050046875 0.20828750000000001 0.78295625 0.1899921875 0.767475
0 0.7935421875 0.8957578125 0.8347578125 0.8490453125 0.7968390624999999 0.8177218749999999 0.7561734375 0.86773125 0.7935421875 0.8957578125
0 0.8226671874999999 0.9693968749999999 0.8655328125 0.9639 0.8622343750000001 0.9485140624999999 0.8880640625 0.9435671875 0.8792703124999999 0.901253125 0.8369562500000001 0.9061984375 0.8391546875 0.9287296875 0.8122265625 0.9336765625 0.8226671874999999 0.9693968749999999
0 0.86663125 0.70066875 0.8688296875000001 0.696271875 0.8572890624999999 0.6863812499999999 0.8473968749999999 0.697371875 0.8605859375 0.7072640625 0.856190625 0.711659375 0.86773125 0.719353125 0.877621875 0.7089125000000001 0.86663125 0.70066875
0 0.9320265624999999 0.7336421875 0.9408203125 0.7243 0.8754234375 0.6676968750000001 0.8688296875000001 0.6781375 0.9320265624999999 0.7336421875
0 0.946865625 0.71660625 0.9562078125 0.7061640625 0.8968562500000001 0.65505625 0.8902625000000001 0.6649484375 0.946865625 0.71660625
0 0.908946875 0.8622343750000001 0.9188375000000001 0.8495953125 0.9039999999999999 0.83750625 0.89630625 0.8495953125 0.908946875 0.8622343750000001
0 0.9204874999999999 0.8462984375 0.9325765625000001 0.833109375 0.9171890625 0.8237671875 0.9116937500000001 0.8342078125000001 0.9204874999999999 0.8462984375
0 0.95730625 0.8902625000000001 0.9682968750000001 0.8759734375000001 0.9534593750000001 0.8638843749999999 0.9474140625 0.8792703124999999 0.95730625 0.8902625000000001
0 0.9984375 0.893559375 0.9984375 0.874875 0.9721437500000001 0.8495953125 0.9639 0.8644328124999999 0.9984375 0.893559375
0 0.9984375 0.862784375 0.9984375 0.8451984375 0.9858828125000001 0.832559375 0.9803875 0.8435499999999999 0.9984375 0.862784375
0 0.8598921875000001 0.3460640625 0.8745312500000001 0.328790625 0.837640625 0.298634375 0.82534375 0.3141515625 0.8598921875000001 0.3460640625
0 0.8683828124999999 0.394959375 0.8844859375 0.37651406249999997 0.8487656250000001 0.3481140625 0.835884375 0.363925 0.8683828124999999 0.394959375
0 0.9120062499999999 0.38646875 0.9333796875000001 0.362753125 0.9114203125 0.34694375 0.9084937500000001 0.3563125 0.8973671875000001 0.3709515625 0.9120062499999999 0.38646875
0 0.89121875 0.41281875 0.9099562499999999 0.39173749999999996 0.8926828125 0.37680625 0.8742374999999999 0.3970078125 0.89121875 0.41281875
0 0.8628203125 0.4265796875 0.8692609375 0.421309375 0.8824359375 0.4292140625 0.8900484375 0.4198453125 0.8379328125000001 0.37885625 0.8271000000000001 0.39349531249999997 0.8628203125 0.4265796875
0 0.813340625 0.40022812500000005 0.822415625 0.3893953125 0.8048500000000001 0.37651406249999997 0.796065625 0.38646875 0.813340625 0.40022812500000005
0 0.609053125 0.1095109375 0.6429265625 0.0743234375 0.5991875 0.0414359375 0.5692609375 0.076625 0.609053125 0.1095109375
0 0.5089765625 0.0740234375 0.517603125 0.0615 0.5014624999999999 0.0487 0.4931140625 0.058995312499999994 0.5089765625 0.0740234375
0 0.471965625 0.051482812499999996 0.48866250000000006 0.0353421875 0.4644515625 0.015306249999999999 0.44914531249999995 0.0300546875 0.471965625 0.051482812499999996
0 0.47307812499999996 0 0.5014624999999999 0.0250453125 0.51148125 0.014470312499999999 0.49367031250000004 0 0.47307812499999996 0
0 0.2838390625 0.47143750000000006 0.30024843749999997 0.4514796875 0.28738593749999997 0.44216718750000006 0.2820640625 0.45015 0.2776296875 0.44704531249999996 0.28516875 0.43817500000000004 0.2709765625 0.4270875 0.26432500000000003 0.43640156250000006 0.2603328125 0.432853125 0.269646875 0.42354062499999995 0.23993281249999998 0.3982609375 0.22485312500000001 0.41777499999999995 0.2838390625 0.47143750000000006
0 0.30512656250000003 0.4514796875 0.312221875 0.44394062500000003 0.3091171875 0.4372890625 0.3171 0.4293046875 0.28428125 0.4044703125 0.2829515625 0.41733125 0.27496875 0.42664375000000004 0.30512656250000003 0.4514796875
0 0.18626875 0.3069 0.137928125 0.3601203125 0.12684062499999998 0.3623375 0.14724062499999999 0.38229531250000004 0.20223437500000002 0.3210921875 0.18626875 0.3069
0 0.17429375 0.29315156249999996 0.1614328125 0.301578125 0.158771875 0.30024843749999997 0.1738515625 0.2833953125 0.1423625 0.25234999999999996 0.10244843749999999 0.302021875 0.1224046875 0.3219796875 0.11974375 0.324196875 0.12861406250000001 0.3308484375 0.10998749999999999 0.3494765625 0.1277265625 0.363225 0.1836078125 0.302465625 0.17429375 0.29315156249999996
0 0.1228515625 0.17304375 0.134325 0.161571875 0.08508750000000001 0.1223734375 0.07839531250000001 0.1324125 0.1228515625 0.17304375
0 0.134803125 0.158703125 0.149621875 0.1424515625 0.10277499999999999 0.10325312499999999 0.0889125 0.1209390625 0.134803125 0.158703125
0 0.1529671875 0.1381484375 0.161571875 0.1281109375 0.11663749999999999 0.08986875 0.1085109375 0.100384375 0.1529671875 0.1381484375