0 0.6100656250000001 0.9901031250000001 0.628459375 0.9688359375 0.5700578125 0.9237609375 0.5530203124999999 0.943553125 0.6100656250000001 0.9901031250000001
0 0.69208125 0.9984375 0.69871875 0.992690625 0.6692359375 0.9732484375 0.64850625 0.9984375 0.69208125 0.9984375
0 0.7772015624999999 0.9984375 0.8050140625 0.9984375 0.77551875 0.9834968749999999 0.7660484375000001 0.997003125 0.7772015624999999 0.9984375
0 0.8235609374999999 0.9984375 0.8338453124999999 0.9878218750000001 0.7983828125 0.967 0.7899078125 0.9828296875 0.8235609374999999 0.9984375
0 0.9466687500000001 0.9984375 0.958646875 0.9886796875 0.9492296874999999 0.9808359375 0.9370296874999999 0.9961296875000001 0.9466687500000001 0.9984375
0 0.961134375 0.9848968749999999 0.9689375 0.9771515624999999 0.9603093749999999 0.96991875 0.9532703124999999 0.9758281249999999 0.961134375 0.9848968749999999
0 0.7757 0.9199875000000001 0.7872281250000001 0.90869375 0.7759515625 0.8988296874999999 0.766496875 0.9135703124999999 0.7757 0.9199875000000001
0 0.7930328125 0.9343734375 0.800459375 0.92295625 0.787946875 0.9144296875 0.7831890625 0.9253 0.7930328125 0.9343734375
0 0.7503515625 0.9313578124999999 0.7591734375 0.9384765625 0.7735078125 0.924459375 0.759378125 0.9164984374999999 0.7503515625 0.9313578124999999
0 0.7661734375 0.943984375 0.7762359375 0.9494031250000001 0.786715625 0.935446875 0.7750671875 0.9280062499999999 0.7661734375 0.943984375
0 0.7346140625 0.9444578124999999 0.745040625 0.952315625 0.755240625 0.9429421874999999 0.7434875 0.935225 0.7346140625 0.9444578124999999
0 0.707284375 0.9597046875 0.7291515625 0.9745687500000001 0.7380328125 0.9655484375000001 0.7120062500000001 0.9478031250000001 0.707284375 0.9597046875
0 0.78538125 0.8979046875 0.792578125 0.886703125 0.779578125 0.8805249999999999 0.7754734375 0.8906984375 0.78538125 0.8979046875
0 0.804225 0.8732125 0.8045234375 0.8611015625 0.7912703125 0.8591265625 0.791309375 0.8716125 0.804225 0.8732125
0 0.75076875 0.876890625 0.7649671875 0.8772578125000001 0.7669484375 0.8646125 0.751290625 0.865128125 0.75076875 0.876890625
0 0.7956390625 0.8485421875 0.7961859375 0.8372796875 0.767596875 0.8339812500000001 0.7673984375 0.845446875 0.7956390625 0.8485421875
0 0.8166109374999999 0.851375 0.8166109374999999 0.838140625 0.8042359375 0.8384140625000001 0.8039406250000001 0.8517625000000001 0.8166109374999999 0.851375
0 0.7172296874999999 0.87766875 0.72245 0.8673109374999999 0.696603125 0.8547515625000001 0.6943390625 0.8659890625 0.7172296874999999 0.87766875
0 0.6370234375 0.8666375000000001 0.6374015625 0.8778140625 0.6635859375 0.877440625 0.663634375 0.8662000000000001 0.6370234375 0.8666375000000001
0 0.8090937500000001 0.8342437500000001 0.8113265625 0.81975625 0.716978125 0.8038703125 0.7159671875 0.8143171875 0.8090937500000001 0.8342437500000001
0 0.5432015625 0.7777453125 0.5835656250000001 0.8078218749999999 0.59455625 0.7930312500000001 0.552653125 0.761984375 0.5432015625 0.7777453125
0 0.5146640625 0.7898890625 0.559459375 0.8232296874999999 0.567653125 0.8134296875 0.57753125 0.8204968750000001 0.5826765625 0.81631875 0.525884375 0.7762171875 0.5146640625 0.7898890625
0 0.5745859375 0.7335171875000001 0.5828203125 0.7409921875000001 0.5910640625 0.730734375 0.602490625 0.7397750000000001 0.6050093750000001 0.7332765625000001 0.5828859375000001 0.7168359375 0.5742406250000001 0.73111875 0.5745859375 0.7335171875000001
0 0.5929578125 0.713953125 0.6258953125 0.73536875 0.63629375 0.7204140625 0.6014546875 0.6968203125 0.5914859375 0.7122796874999999 0.5929578125 0.713953125
0 0.651678125 0.732746875 0.6641203124999999 0.7178890625000001 0.6510171875 0.70948125 0.6419796875 0.724990625 0.651678125 0.732746875
0 0.4831125 0.62689375 0.504865625 0.6066125 0.4335453125 0.5539609375000001 0.4179046875 0.5747796875 0.4831125 0.62689375
0 0.505259375 0.6016515625000001 0.519578125 0.584878125 0.5020625 0.5725 0.48605468749999997 0.5889234375 0.505259375 0.6016515625000001
0 0.28254531250000003 0.6984343749999999 0.317309375 0.7264796875 0.3307375 0.713665625 0.29220625 0.6854890625000001 0.28254531250000003 0.6984343749999999
0 0.146865625 0.7752359375 0.17706249999999998 0.79615625 0.19094843749999998 0.778971875 0.159875 0.7569421875 0.146865625 0.7752359375
0 0.12691875 0.7953078125 0.15711875 0.8184859375 0.17274687500000002 0.8023875 0.1397296875 0.7783734375 0.12691875 0.7953078125
0 0.096740625 0.8076453125 0.13925 0.8370078124999999 0.1526640625 0.8210890624999999 0.10972656249999999 0.7899468749999999 0.096740625 0.8076453125
0 0.8377140624999999 0.51745 0.8482796875 0.526584375 0.8400765625 0.535053125 0.848878125 0.5443015625000001 0.9001828125 0.489975 0.8903671875000001 0.4815734375 0.8769218750000001 0.4960109375 0.8662828125 0.48705625 0.8605734375 0.4952671875 0.8502750000000001 0.48455624999999997 0.8364265625 0.498684375 0.8451875 0.5069640625 0.8377140624999999 0.51745
0 0.799821875 0.49820624999999996 0.8283843750000001 0.51878125 0.8356171874999999 0.5096125 0.806059375 0.48991093750000003 0.799821875 0.49820624999999996
0 0.7993453125000001 0.4855171875 0.8293015625000001 0.4541578125 0.8182921875 0.44787968749999996 0.78901875 0.4780875 0.7993453125000001 0.4855171875
0 0.8233890625000001 0.48137968750000004 0.8289484375 0.47550156250000003 0.8213625 0.467075 0.814490625 0.476353125 0.8233890625000001 0.48137968750000004
0 0.6589484375 0.4316140625 0.63186875 0.41455937499999995 0.6112062500000001 0.4360328125 0.6561265625 0.46933749999999996 0.7250687499999999 0.39631875 0.7146828125 0.3925765625 0.7038671875 0.3828328125 0.6589484375 0.4316140625
0 0.62755625 0.35145624999999997 0.616890625 0.3430671875 0.609765625 0.3515359375 0.6214078125 0.36079374999999997 0.6132453124999999 0.36691093750000003 0.62156875 0.37553281250000003 0.640440625 0.352259375 0.6328015625 0.345540625 0.62755625 0.35145624999999997
0 0.6022171875 0.32344375 0.591590625 0.3152609375 0.569928125 0.33831406249999996 0.5798765625 0.3471328125 0.588546875 0.3380984375 0.599709375 0.3444375 0.6062875 0.336646875 0.5969890625 0.330859375 0.6022171875 0.32344375
0 0.6636390624999999 0.321265625 0.672109375 0.31298906249999997 0.68130625 0.3206140625 0.6946828125 0.305921875 0.6847328125 0.2982265625 0.691875 0.2921875 0.6819984375 0.2832578125 0.656053125 0.3125765625 0.6636390624999999 0.321265625
0 0.706621875 0.3564890625 0.7128 0.3478234375 0.676690625 0.3223328125 0.670365625 0.330790625 0.706621875 0.3564890625
0 0.7143046875 0.342246875 0.7245734374999999 0.3507265625 0.7181203125 0.35871875000000003 0.7274765624999999 0.3664578125 0.7553359375 0.337078125 0.7440453125000001 0.328496875 0.7380796875 0.335796875 0.7263453125 0.32613593750000003 0.7233015625 0.331434375 0.7150296875000001 0.321996875 0.709721875 0.3288390625 0.7186515625000001 0.3360546875 0.7143046875 0.342246875
0 0.785471875 0.12264062499999999 0.7612765625 0.1489671875 0.75175 0.14195 0.7421453125 0.15367187499999999 0.8447687500000001 0.22623593749999998 0.8666375000000001 0.20143125 0.8179093749999999 0.16788281249999998 0.8372781249999999 0.14813281250000002 0.8314796875000001 0.14464531249999998 0.837259375 0.138571875 0.8906640625 0.175890625 0.9003546874999999 0.1657984375 0.7979734374999999 0.09311562500000001 0.7759765625 0.1159703125 0.785471875 0.12264062499999999
0 0.251871875 0.26675468750000003 0.2416703125 0.255946875 0.189453125 0.3066484375 0.2007265625 0.318528125 0.251871875 0.26675468750000003
0 0.21634531250000003 0.3270078125 0.2531171875 0.2882546875 0.2431859375 0.2788453125 0.2066296875 0.3168265625 0.21634531250000003 0.3270078125
0 0.200940625 0.256146875 0.21522812500000002 0.240846875 0.20701874999999997 0.2319421875 0.191896875 0.24786718749999997 0.200940625 0.256146875
0 0.21659062499999998 0.266128125 0.23184062499999997 0.25032187499999997 0.22222031250000002 0.240709375 0.2094875 0.25746250000000004 0.21659062499999998 0.266128125
0 0.286328125 0.07039375 0.2913109375 0.060171875 0.253853125 0.041640625 0.249815625 0.052496875 0.286328125 0.07039375
0 0.299403125 0.0570453125 0.3053296875 0.04638125 0.26787031250000004 0.02616875 0.264296875 0.038015625 0.299403125 0.0570453125
0 0.4459984375 0.060868750000000006 0.45790781249999996 0.048965625 0.42360781249999996 0.025303125 0.41590625000000003 0.039825 0.4459984375 0.060868750000000006
0 0.46436093749999996 0.0523296875 0.47501249999999995 0.0590046875 0.4856359375 0.0455890625 0.47473906250000003 0.0375625 0.46436093749999996 0.0523296875
0 0.498171875 0.0301625 0.5133265625 0.0147578125 0.48591875 0 0.476096875 0.014029687499999999 0.498171875 0.0301625