0 0.048257812500000004 0.30986250000000004 0.08229062499999999 0.3322125 0.0944828125 0.32154531249999996 0.061971874999999996 0.29919531250000003 0.0528296875 0.3068140625 0.048257812500000004 0.30986250000000004
0 0.0602046875 0.2953953125 0.0942390625 0.3177453125 0.1064296875 0.307078125 0.0739203125 0.284728125 0.0647765625 0.292346875 0.0602046875 0.2953953125
0 0.074690625 0.284990625 0.108725 0.30734218750000003 0.1209171875 0.296675 0.08840624999999999 0.2743234375 0.0792625 0.28194375 0.074690625 0.284990625
0 0.087146875 0.27204843749999996 0.12117968750000001 0.2943984375 0.133371875 0.28373125 0.1008609375 0.26137968749999996 0.09171875 0.269 0.087146875 0.27204843749999996
0 0.10214062500000001 0.25961249999999997 0.136175 0.2819625 0.1483671875 0.2712953125 0.11585625 0.2489453125 0.10671250000000002 0.25656406249999997 0.10214062500000001 0.25961249999999997
0 0.113071875 0.2446375 0.14710625 0.26698750000000004 0.1592984375 0.2563203125 0.1267875 0.23396875 0.11764375 0.24158906249999998 0.113071875 0.2446375
0 0 0.1686671875 0.022350000000000002 0.1859375 0.029462500000000003 0.175778125 0.0015234375 0.15594687499999998 0 0.1686671875
0 0.0030484375 0.20777968750000003 0.0187953125 0.1900015625 0.0005078125 0.1788265625 0.0030484375 0.20777968750000003
0 0.6260125000000001 0.0756578125 0.584521875 0.11013124999999999 0.616859375 0.146740625 0.6635359375000001 0.11257187500000002 0.6528578125 0.10189531249999999 0.68245 0.0838953125 0.6577390624999999 0.0643703125 0.63546875 0.082065625 0.6260125000000001 0.0756578125
0 0.540590625 0.0482015625 0.5833015625 0.012203124999999999 0.568353125 0.0015249999999999999 0.5311343749999999 0.000915625 0.509778125 0.0183046875 0.540590625 0.0482015625
0 0.825075 0.0687875 0.8748078125 0.1149 0.8910046875000001 0.1008 0.8437484375000001 0.05354375 0.825075 0.0687875
0 0.7968734375000001 0.091653125 0.8454625 0.14100625 0.8736640625 0.11871093749999999 0.8184046875 0.07069375 0.7968734375000001 0.091653125
0 0.5481984375 0.9984375 0.5846 0.9984375 0.6063328125 0.9823015625 0.50799375 0.9094984374999999 0.47376562499999997 0.9480734375000001 0.5481984375 0.9984375
0 0.8144078125 0.9975375 0.78345625 0.9704546875 0.755084375 0.9981828125 0.8144078125 0.9975375
0 0.27603125 0.7028515625 0.3288078125 0.74348125 0.348075 0.727984375 0.288178125 0.6873546875 0.278125 0.6999203125 0.27603125 0.7028515625
0 0.289434375 0.685678125 0.3455625 0.7258890625000001 0.361059375 0.7137421875000001 0.30493281250000004 0.672275 0.289434375 0.685678125
0 0.9984375 0.9984375 0.9910578125 0.956034375 0.9543921875000001 0.997078125 0.9984375 0.9984375