0 0.5352984375000001 0.958065625 0.5609078125 0.92414375 0.5223921875 0.898821875 0.4953625 0.9305031250000001 0.5352984375000001 0.958065625
0 0.462021875 0.7946859374999999 0.5097796875 0.828171875 0.5259984375 0.809290625 0.4797953125 0.7745015625 0.462328125 0.7932625 0.462021875 0.7946859374999999
0 0.49594531249999996 0.7820406249999999 0.5000281249999999 0.777628125 0.5057046875 0.7823890625 0.5027953125 0.7874140625 0.5263421875 0.8062703125 0.5474765625 0.7808843750000001 0.5131953125 0.7567390625 0.5092125000000001 0.7608578125000001 0.49769687500000004 0.7541 0.4828234375 0.7741296875 0.49594531249999996 0.7820406249999999
0 0.37812812500000004 0.8125640625000001 0.44617500000000004 0.8597875 0.46424062499999996 0.8376546875 0.3973 0.788809375 0.37812812500000004 0.8125640625000001
0 0.12659375 0.6890390625 0.1279625 0.677015625 0.08591875 0.6682203125 0.085409375 0.6793796875 0.12659375 0.6890390625
0 0.1432609375 0.67465625 0.145021875 0.6621921875 0.088453125 0.6525125 0.088140625 0.6629984375 0.1432609375 0.67465625
0 0.1529984375 0.65611875 0.1529984375 0.6425203125000001 0.0966203125 0.63680625 0.0972734375 0.648978125 0.1529984375 0.65611875
0 0.1532359375 0.64005625 0.1664484375 0.64134375 0.1674109375 0.627565625 0.1513609375 0.6241015625 0.11069218750000001 0.621184375 0.11153906250000001 0.6337484375 0.1532359375 0.64005625
0 0.1326234375 0.6173109375 0.1326234375 0.6046234375 0.0934671875 0.60289375 0.092375 0.616378125 0.1326234375 0.6173109375
0 0.1066046875 0.599559375 0.1066046875 0.58665625 0.09415 0.5860578125 0.0943796875 0.5990390624999999 0.1066046875 0.599559375
0 0.05856718749999999 0.3674 0.1282546875 0.4174375 0.135471875 0.40909843749999997 0.0636609375 0.359653125 0.05856718749999999 0.3674
0 0.0494109375 0.3785984375 0.1182421875 0.427253125 0.1249921875 0.41951406249999995 0.0554984375 0.36971875 0.0494109375 0.3785984375
0 0.0359453125 0.3990046875 0.0543484375 0.4121859375 0.06135 0.40464374999999997 0.0405359375 0.3922984375 0.0359453125 0.3990046875
0 0.0265296875 0.4093109375 0.0453625 0.42184218749999997 0.0523359375 0.414059375 0.032646875 0.40154843749999997 0.0265296875 0.4093109375
0 0.01785625 0.418165625 0.0369953125 0.43106718749999995 0.0427484375 0.4242796875 0.02411875 0.4110359375 0.01785625 0.418165625
0 0.0095359375 0.4282734375 0.027862500000000002 0.44179531250000004 0.035115625 0.4338640625 0.0163234375 0.4203203125 0.0095359375 0.4282734375
0 0.0015515625 0.43879999999999997 0.018346875000000002 0.4516234375 0.02558125 0.443421875 0.006514062499999999 0.43048906249999996 0.0015515625 0.43879999999999997
0 0.06766875 0.412153125 0.0761921875 0.418628125 0.0821921875 0.41229531250000007 0.07318125 0.40535781249999997 0.06766875 0.412153125
0 0.060075 0.42171875 0.06762343750000001 0.42802656250000004 0.07396875 0.4216046875 0.0644765625 0.41487968750000004 0.060075 0.42171875
0 0.0527640625 0.43149531249999995 0.06125625 0.43801875 0.0677140625 0.4309078125 0.058490625 0.42494531249999995 0.0527640625 0.43149531249999995
0 0.0440390625 0.44057500000000005 0.05239843749999999 0.4471453125 0.057637499999999994 0.44034531250000003 0.0495140625 0.4342703125 0.0440390625 0.44057500000000005
0 0.03590625 0.4496515625 0.045015625 0.45600781250000005 0.0506484375 0.45053593750000004 0.0409140625 0.44313281250000003 0.03590625 0.4496515625
0 0.02618125 0.4585421875 0.0346703125 0.4659109375 0.042154687499999996 0.45995468749999996 0.033082812499999996 0.45324375000000006 0.02618125 0.4585421875
0 0.0154703125 0.47822031249999997 0.022695312500000002 0.48388593750000003 0.0292375 0.47668125000000006 0.021220312499999998 0.469834375 0.0154703125 0.47822031249999997
0 0.176953125 0.20532499999999998 0.2306265625 0.2434515625 0.2426140625 0.229971875 0.1874765625 0.1921046875 0.176953125 0.20532499999999998
0 0.2282796875 0.216434375 0.239775 0.20410937499999998 0.19672499999999998 0.1768046875 0.1883515625 0.18704218749999998 0.2282796875 0.216434375
0 0.24657187500000002 0.23147812499999998 0.2595078125 0.2409609375 0.3047796875 0.18930625 0.290178125 0.177896875 0.246659375 0.22995312499999998 0.24657187500000002 0.23147812499999998
0 0.254503125 0.2127140625 0.2772125 0.18683125 0.2663125 0.17980156249999998 0.25956718749999996 0.18965937500000002 0.252359375 0.18350625 0.23552187500000002 0.1991625 0.254503125 0.2127140625
0 0.2541640625 0.18228906250000002 0.26495156249999996 0.1696640625 0.245134375 0.1542234375 0.2348671875 0.1667328125 0.2541640625 0.18228906250000002
0 0.22937500000000002 0.1657328125 0.240684375 0.15115 0.2306203125 0.1444140625 0.220490625 0.1578234375 0.22937500000000002 0.1657328125
0 0.278540625 0.1756703125 0.2845515625 0.1709859375 0.2957703125 0.1785078125 0.3011359375 0.17254375 0.25718125000000003 0.1409125 0.24895312500000003 0.15133749999999999 0.278540625 0.1756703125
0 0.378971875 0.3384171875 0.4106609375 0.3635765625 0.427684375 0.3451296875 0.39302031249999997 0.3215359375 0.378971875 0.3384171875
0 0.4576953125 0.3501375 0.472325 0.33290000000000003 0.41636249999999997 0.29419375 0.4025203125 0.3114078125 0.4576953125 0.3501375
0 0.44452968750000005 0.38495 0.489953125 0.4160953125 0.5024046875 0.401525 0.455878125 0.3700703125 0.44452968750000005 0.38495
0 0.4872296875 0.37353593749999997 0.5049406249999999 0.3570125 0.48304843750000004 0.33852812499999996 0.4677359375 0.3582125 0.4872296875 0.37353593749999997
0 0.51944375 0.387871875 0.5309140625000001 0.37620468749999997 0.5182546875 0.3662015625 0.507675 0.3803671875 0.51944375 0.387871875
0 0.37074843749999997 0.08526875 0.3808109375 0.0706078125 0.33709375 0.0422328125 0.32875 0.0533484375 0.37074843749999997 0.08526875
0 0.3826234375 0.0651578125 0.397003125 0.049615625000000003 0.342796875 0.0115890625 0.3291953125 0.027154687500000003 0.3826234375 0.0651578125
0 0.647340625 0.06265781249999999 0.6460546875000001 0.040892187499999996 0.6190703125 0.0412171875 0.6221265625 0.063871875 0.647340625 0.06265781249999999
0 0.7065812499999999 0.067971875 0.7035515625000001 0.050398437500000004 0.6948078125 0.0525296875 0.6939734375 0.049028125 0.6774953125 0.050821875 0.682415625 0.0720265625 0.7065812499999999 0.067971875
0 0.6712890625 0.0989390625 0.6712890625 0.10906249999999999 0.6839984375 0.10906249999999999 0.68656875 0.11514374999999999 0.7005703125 0.115246875 0.7005703125 0.128975 0.74151875 0.1292546875 0.7414140625 0.1140203125 0.7261875 0.114615625 0.7247796875 0.09745000000000001 0.6997390625000001 0.09745000000000001 0.6949359375 0.07714375 0.689921875 0.07713125 0.689628125 0.0739984375 0.6542859375 0.07563281250000001 0.656121875 0.0999609375 0.6712890625 0.0989390625
0 0.9262593750000001 0.08949531250000001 0.9244468749999999 0.0751609375 0.8683 0.083371875 0.8691921875 0.094121875 0.9262593750000001 0.08949531250000001
0 0.8722359375 0.10505625 0.8757484375000001 0.11221406249999999 0.9319140625 0.10615625 0.92876875 0.09271718749999999 0.8575734374999999 0.09884375 0.8579437499999999 0.10579374999999999 0.8722359375 0.10505625
0 0.93281875 0.12125 0.931071875 0.108534375 0.8818109375000001 0.11421718750000001 0.8842359375 0.12823125 0.93281875 0.12125
0 0.9266109374999999 0.1387890625 0.9244859375000001 0.12624531249999998 0.8999921875 0.12845625 0.9032421875000001 0.1412703125 0.9266109374999999 0.1387890625
0 0.6885515625 0.26152031249999996 0.7279296875 0.2881078125 0.7427046875000001 0.27012187499999996 0.7262671875 0.25987499999999997 0.7277140625 0.255565625 0.7566046875 0.2746 0.7720546875000001 0.2565046875 0.7204875000000001 0.22360000000000002 0.6885515625 0.26152031249999996
0 0.8149374999999999 0.32360937500000003 0.82804375 0.309609375 0.791378125 0.283790625 0.77809375 0.30510625 0.8149374999999999 0.32360937500000003
0 0.8309265625 0.305209375 0.8443828124999999 0.2872234375 0.8126953125 0.266521875 0.8061171874999999 0.2771484375 0.80086875 0.2719578125 0.7945921874999999 0.28228437500000003 0.8309265625 0.305209375
0 0.6402546874999999 0.33294375 0.64379375 0.3271234375 0.65385 0.334765625 0.665990625 0.3215265625 0.6438312500000001 0.30796250000000003 0.6303109375 0.3256453125 0.6402546874999999 0.33294375
0 0.6373734375 0.393225 0.6460078125 0.40269374999999996 0.6685156250000001 0.3788125 0.6592734375 0.3705546875 0.6510140625 0.3793171875 0.6425562499999999 0.3704984375 0.63378125 0.38089531249999997 0.6349640625 0.3800875 0.643771875 0.3859796875 0.6373734375 0.393225
0 0.6793890625000001 0.3623875 0.6868765625 0.37191406250000003 0.6807796875000001 0.3857546875 0.69899375 0.40079374999999995 0.7178390625 0.37548906249999997 0.6900578125 0.35476718749999997 0.6793890625000001 0.3623875
0 0.8727281250000001 0.62690625 0.8702781249999999 0.6134031249999999 0.8377484374999999 0.6156421875 0.8361921875 0.626875 0.8727281250000001 0.62690625
0 0.8683234375 0.6418015625 0.8671953125 0.6301921875 0.8222609375 0.6319921875000001 0.8225125 0.6432359375 0.8683234375 0.6418015625
0 0.8779562500000001 0.656078125 0.8754484375 0.6436484375 0.8373890625 0.6467828124999999 0.8412421875 0.658759375 0.8779562500000001 0.656078125
0 0.8877218750000001 0.670090625 0.8856109375000001 0.6581 0.8474734375 0.6592203125 0.85256875 0.672409375 0.8877218750000001 0.670090625
0 0.9984296875 0.66015625 0.9948859375 0.6469046875 0.9567062500000001 0.6569421875 0.9621796874999999 0.6690765625 0.9984296875 0.66015625
0 0.9984375 0.67515625 0.9984375 0.6636 0.942653125 0.67540625 0.94803125 0.6877625 0.9984375 0.67515625
0 0.9883953125 0.7067890625000001 0.9742203125 0.681325 0.925559375 0.6992421875 0.9376109375 0.72219375 0.9883953125 0.7067890625000001
0 0.9319921875 0.9433140625 0.9307343749999999 0.9345718749999999 0.8995484375 0.9359640625000001 0.901265625 0.9458515625 0.9319921875 0.9433140625
0 0.916121875 0.9618859375 0.9157671875 0.9498359375 0.8815406250000001 0.9525078125 0.8834375 0.9630750000000001 0.916121875 0.9618859375
0 0.9627171875 0.9609921874999999 0.9608671875000001 0.9482640625000001 0.9440062499999999 0.9517687499999999 0.9439500000000001 0.9611812499999999 0.9627171875 0.9609921874999999
0 0.950759375 0.9747703124999999 0.9489359374999999 0.9632515625 0.9118499999999999 0.9665531250000001 0.9127390625 0.9771578125 0.950759375 0.9747703124999999