0 0.6235609375 0.5538671875000001 0.678575 0.59803125 0.719740625 0.537775 0.6737078125 0.50409375 0.6235609375 0.5538671875000001
0 0.61621875 0.6701015625 0.6566359375 0.6259375 0.5987769625 0.5914836265625001 0.5361312500000001 0.6622421875 0.565321875 0.6873171874999999 0.5907703125 0.6547562499999999 0.61621875 0.6701015625
0 0.48111718750000004 0.60685 0.5226578125 0.6394109375 0.53575625 0.6236921875 0.49375 0.5951015625 0.48111718750000004 0.60685
0 0.46652187500000003 0.6233187499999999 0.51405 0.6540078125 0.5230328125 0.6379140624999999 0.473984375 0.6082796874999999 0.46652187500000003 0.6233187499999999
0 0.4392015625 0.6525109375 0.46053437500000005 0.675715625 0.4889765625 0.6446515625 0.46286562499999995 0.625575 0.4392015625 0.6525109375
0 0.6080703125 0.749609375 0.6487390625 0.747334375 0.6476015625 0.720884375 0.6117874999999999 0.7213515625 0.6080703125 0.749609375
0 0.6946015625 0.8477234375 0.7622859375 0.8588156250000001 0.7713875 0.8161546875000001 0.7044171875 0.8136671874999999 0.6946015625 0.8477234375
0 0.2924078125 0.35943281250000003 0.3309203125 0.39068125 0.3476328125 0.3728765625 0.3074359375 0.3470609375 0.2924078125 0.35943281250000003
0 0.27387812500000003 0.38014375 0.3145703125 0.41066562500000003 0.3283765625 0.395040625 0.289446875 0.3642515625 0.27387812500000003 0.38014375
0 0.256075 0.40521406249999997 0.2891375 0.4317390625 0.3054875 0.41538906249999996 0.270971875 0.39068125 0.256075 0.40521406249999997
0 0.23900000000000002 0.42447187499999994 0.270971875 0.4520859375 0.2825984375 0.43646250000000003 0.24706875 0.4070296875 0.23900000000000002 0.42447187499999994
0 0.215746875 0.4473625 0.2691546875 0.49314375000000005 0.28514218750000003 0.4746140625 0.22987812500000002 0.43141562499999997 0.215746875 0.4473625
0 0.28738593749999997 0.2695515625 0.353415625 0.2617625 0.35070625 0.24178281250000003 0.28578125 0.244840625 0.28738593749999997 0.2695515625
0 0.3618796875 0.2099515625 0.408946875 0.20690468750000002 0.412671875 0.1622046875 0.361790625 0.1651046875 0.3618796875 0.2099515625
0 0.2599578125 0.159834375 0.3053328125 0.19437500000000002 0.347996875 0.14764375000000002 0.3040390625 0.11443125000000001 0.2599578125 0.159834375
0 0.000296875 0.236025 0.026368750000000003 0.2055484375 0.0018656249999999999 0.18820625 0.000296875 0.236025
0 0.7982703124999999 0.60245625 0.846859375 0.639003125 0.8987703125 0.5804437499999999 0.8513234375 0.547496875 0.7982703124999999 0.60245625
0 0.490475 0.9984375 0.5158078125000001 0.9927421875 0.45683749999999995 0.9524578125 0.43183125 0.9697296874999999 0.490475 0.9984375
0 0.53325 0.9984375 0.582253125 0.9973109375 0.5236984375 0.962009375 0.5083328125000001 0.9806984375000001 0.53325 0.9984375
0 0.8820593750000001 0.8610374999999999 0.946121875 0.905221875 0.9568515625 0.8866015624999999 0.8966109375 0.846646875 0.8820593750000001 0.8610374999999999
0 0.8653328124999999 0.8840765625 0.8965765625 0.90490625 0.9110921875000001 0.8850234374999999 0.8802890624999999 0.8678296874999999 0.8653328124999999 0.8840765625
0 0.86123125 0.9894796875 0.8826906250000001 0.9984375 0.9133015625 0.9642390625000001 0.90181875 0.9581140625 0.86123125 0.9894796875
0 0.9114078125 0.9667562500000001 0.9334984375 0.9825375 0.95275 0.9645484375000001 0.9282109374999999 0.9462875000000001 0.9114078125 0.9667562500000001
0 0.9009937499999999 0.9885328124999999 0.92150625 0.9984375 0.9555890625 0.9984375 0.9139734374999999 0.9751093750000001 0.9009937499999999 0.9885328124999999
0 0.9205609375 0.94371875 0.950225 0.9591828124999999 0.9566859375 0.9369109375000001 0.9369703125 0.9238359375 0.9205609375 0.94371875
0 0.8829890625000001 0.15802031249999998 0.91915625 0.1847359375 0.9134015625 0.19665625 0.9360062499999999 0.209396875 0.9951890625 0.131715625 0.9401999999999999 0.0977375 0.8829890625000001 0.15802031249999998
0 0.74900625 0 0.707496875 0.0343046875 0.7699671875 0.081571875 0.8370906250000001 0.0100046875 0.74900625 0
0 0.9984375 0.010467187499999999 0.9799828125 0 0.9551234375 0.00276875 0.9984375 0.0404703125 0.9984375 0.010467187499999999
0 0.5311312499999999 0.0034640625 0.574284375 0.031001562500000003 0.5960484375 0.0032203125 0.5311312499999999 0.0034640625
0 0.20929375 0.7942843749999999 0.268746875 0.8395531249999999 0.28428593750000003 0.81826875 0.225846875 0.77840625 0.20929375 0.7942843749999999
0 0.19544375 0.8132015625 0.2451015625 0.8523890625 0.2596265625 0.8388765625 0.20629843750000001 0.800325 0.19544375 0.8132015625
0 0.1748375 0.840903125 0.2032140625 0.862525 0.20828125000000003 0.8554296875 0.23733125 0.8804296875000001 0.2484796875 0.859821875 0.211996875 0.8338093750000001 0.206253125 0.8415796875 0.18564843749999999 0.8226609375 0.1748375 0.840903125
0 0.157271875 0.8628625 0.18767499999999998 0.8817796875000001 0.19139062499999998 0.8740109374999999 0.21436093750000002 0.8912390625000001 0.22719687500000002 0.87705 0.19949843750000001 0.859821875 0.191053125 0.8635375 0.1702421875 0.8453015625000001 0.157271875 0.8628625
0 0.13903125 0.8777265625 0.1657171875 0.9006984375 0.1728109375 0.8922531250000001 0.184634375 0.9023875 0.198146875 0.8831312499999999 0.17551406249999998 0.873671875 0.1731484375 0.88245625 0.1497984375 0.8657453125 0.13903125 0.8777265625
0 0.23523906249999998 0.8930734375 0.2886109375 0.9363140624999999 0.31090625 0.90253125 0.26564062499999996 0.8697625 0.23523906249999998 0.8930734375
0 0.5735484375000001 0.7879578125 0.60395 0.7937015625 0.62421875 0.7670125 0.5824625 0.76724375 0.5735484375000001 0.7879578125
0 0.1430515625 0.0585796875 0.1918109375 0.0968453125 0.24226406250000002 0.04774375 0.19079531249999998 0.009478125 0.1430515625 0.0585796875
0 0.9984375 0.373765625 0.9984375 0.3118140625 0.977746875 0.3420578125 0.9984375 0.373765625