0 0.844453125 0.6878421875 0.916453125 0.748509375 0.9313499999999999 0.7309109375 0.8608359374999999 0.668565625 0.844453125 0.6878421875
0 0.820359375 0.7146874999999999 0.8923328125 0.7764203125 0.9135078125 0.7521546875 0.838753125 0.6898875 0.820359375 0.7146874999999999
0 0.831603125 0.7512 0.8781156250000001 0.7932109374999999 0.8907765624999999 0.7808671875 0.839515625 0.7390015625 0.831603125 0.7512
0 0.786171875 0.6119421875 0.8213874999999999 0.6443546875 0.8333328124999999 0.63175625 0.793315625 0.5992437500000001 0.786171875 0.6119421875
0 0.8358171875 0.6245 0.84738125 0.6136609375 0.821725 0.592228125 0.81423125 0.6041078125 0.8358171875 0.6245
0 0.8513328124999999 0.6088484375000001 0.8645796875 0.5974640625000001 0.834271875 0.5748375 0.826878125 0.586596875 0.8513328124999999 0.6088484375000001
0 0.7910015625 0.53993125 0.7809 0.5502265625 0.8176359375000001 0.584165625 0.826921875 0.5742499999999999 0.7910015625 0.53993125
0 0.842534375 0.5444984374999999 0.8558390625 0.5324625000000001 0.8203374999999999 0.49913125 0.8098531250000001 0.5121781249999999 0.842534375 0.5444984374999999
0 0.6776500000000001 0.3104203125 0.7234875 0.2537875 0.67574375 0.2139890625 0.6286921875 0.265496875 0.6776500000000001 0.3104203125
0 0.74648125 0.19570625 0.7448875 0.1790203125 0.714190625 0.18081562499999998 0.7154375 0.1967125 0.74648125 0.19570625
0 0.8104531250000001 0.145009375 0.809603125 0.12825781249999998 0.7649734375 0.13677343749999998 0.7672765625 0.150878125 0.8104531250000001 0.145009375
0 0.8150640625 0.12404375000000001 0.8139484375 0.098396875 0.7647234375 0.1036 0.7666968749999999 0.12924375 0.8150640625 0.12404375000000001
0 0.5812921875 0.1834390625 0.6303703125 0.225175 0.6462609375 0.20737031250000001 0.636734375 0.19892812499999998 0.640721875 0.19315625 0.6513375 0.20061093749999998 0.6630203125 0.1894421875 0.6124609375000001 0.1444203125 0.5812921875 0.1834390625
0 0.63899375 0.0301015625 0.63899375 0.0074828125 0.6076328125 0.007621875 0.6072546875 0.028739062500000002 0.63899375 0.0301015625
0 0.321375 0.33370937500000003 0.324265625 0.317484375 0.281215625 0.31195625 0.2802015625 0.32551718749999997 0.321375 0.33370937500000003
0 0.35015 0.36303593749999996 0.35079531249999996 0.346546875 0.2788609375 0.332884375 0.27931093749999997 0.3500109375 0.35015 0.36303593749999996
0 0.35595625000000003 0.3865171875 0.35595625000000003 0.37122968749999996 0.3003171875 0.3603265625 0.298584375 0.377390625 0.35595625000000003 0.3865171875
0 0.33043125 0.40722812499999994 0.33387812499999997 0.38868749999999996 0.31796250000000004 0.38690625 0.3171765625 0.40548124999999996 0.33043125 0.40722812499999994
0 0.3040796875 0.42625 0.31855 0.42869375 0.32259375 0.4122703125 0.304071875 0.4074859375 0.3040796875 0.42625
0 0.3058546875 0.45054218749999997 0.3046859375 0.4344953125 0.276803125 0.42652343750000005 0.2767203125 0.445634375 0.3058546875 0.45054218749999997
0 0.53456875 0.7384671875000001 0.5878984375 0.7862671875 0.6221687499999999 0.7471171875 0.568171875 0.7017640625 0.53456875 0.7384671875000001