0 0.257434375 0.6921578125 0.2896140625 0.6648359375 0.2373984375 0.6247640624999999 0.2100765625 0.651478125 0.257434375 0.6921578125
0 0.4553671875 0.8396968749999999 0.4486890625 0.851840625 0.47479531250000007 0.873696875 0.5257968749999999 0.8087312499999999 0.489975 0.7838390625 0.44322343750000004 0.833625 0.4553671875 0.8396968749999999
0 0.630834375 0.9186265625000001 0.6290140625 0.906484375 0.592584375 0.9058765624999999 0.5931921874999999 0.9180203125 0.630834375 0.9186265625000001
0 0.56586875 0.935628125 0.6296203125 0.9392703125 0.6277999999999999 0.9240921875 0.5634406249999999 0.9216625 0.56586875 0.9362343750000001 0.56586875 0.935628125
0 0.62840625 0.956878125 0.630834375 0.9429140625000001 0.5774046875 0.9429140625000001 0.5792265624999999 0.9556640625 0.62840625 0.956878125
0 0.6423703125 0.9362343750000001 0.6769796875 0.9374484375 0.6757640625 0.9228765624999999 0.6381203125 0.9228765624999999 0.6393359375000001 0.9350203125000001 0.6423703125 0.9362343750000001
0 0.6788000000000001 0.9538421874999999 0.676371875 0.9404843749999999 0.6381203125 0.9416984375 0.6381203125 0.9562703125 0.6788000000000001 0.9538421874999999
0 0.8129421875 0.7078156250000001 0.8197984375 0.7012859375 0.7793140625 0.6673312499999999 0.7744171875 0.6761453125 0.8129421875 0.7078156250000001
0 0.8775859374999999 0.7407890625 0.8870546875 0.731321875 0.82991875 0.68659375 0.825675 0.69475625 0.8775859374999999 0.7407890625
0 0.85995625 0.702590625 0.8677921874999999 0.694103125 0.8488562500000001 0.6781046875000001 0.8429781249999999 0.6856140625 0.85995625 0.702590625
0 0.7945984375 0.5762953125 0.7870828125 0.5712843750000001 0.7899015625 0.5678390624999999 0.7980437499999999 0.5741031249999999 0.8065015624999999 0.565646875 0.7945984375 0.5565640625 0.7983578125 0.5509265625 0.7792515625 0.540903125 0.7739281250000001 0.5412171875 0.7639046875 0.5343265625 0.7554484375 0.54215625 0.763278125 0.5481078125 0.7610859375000001 0.5506125 0.7529421875 0.544975 0.7479312499999999 0.5521796875 0.7560749999999999 0.55625 0.7501234375 0.5637671875 0.7820703124999999 0.587884375 0.7945984375 0.5762953125
0 0.7310187499999999 0.6314203125 0.71473125 0.6207703125 0.707528125 0.6304796875 0.7225625 0.6398765625 0.7310187499999999 0.6314203125
0 0.7441734375 0.618578125 0.7285125 0.6066765625 0.7200562500000001 0.615759375 0.7360296875000001 0.627975 0.7441734375 0.618578125
0 0.693746875 0.5928953124999999 0.6859171875000001 0.601665625 0.7009515625 0.6138796875 0.7106609374999999 0.6057375 0.693746875 0.5928953124999999
0 0.70909375 0.58099375 0.6987578125 0.5891375 0.7150453125 0.6010390625 0.7250671875 0.59195625 0.70909375 0.58099375
0 0.6527171875 0.5803671875 0.6618 0.5725374999999999 0.6455140625 0.5606359375000001 0.6370578124999999 0.5687781249999999 0.6527171875 0.5803671875
0 0.6592953125000001 0.5471671875 0.650525 0.555625 0.6655593750000001 0.5678390624999999 0.674328125 0.560009375 0.6592953125000001 0.5471671875
0 0.6715093750000001 0.5333875 0.6636796875 0.5424703125 0.679340625 0.55311875 0.687796875 0.544975 0.6715093750000001 0.5333875
0 0.6859171875000001 0.5205453125 0.6765218749999999 0.529315625 0.69249375 0.5399640625 0.7015781249999999 0.532446875 0.6859171875000001 0.5205453125
0 0.6787140625 0.48640625000000004 0.6705703125 0.4948625 0.7078421875 0.5239906249999999 0.7162984375 0.5149078125 0.6787140625 0.48640625000000004
0 0.7212002515625 0.5109213890625 0.7291390625 0.502065625 0.6931203125 0.47481718749999996 0.6840375 0.48358749999999995 0.7212002515625 0.5109213890625
0 0.9408296875 0.5936484375 0.9721624999999999 0.563434375 0.9083781249999999 0.51475625 0.8798421875000001 0.5474890625 0.9408296875 0.5936484375
0 0.9134203125000001 0.38978125 0.9243640624999999 0.38080156249999997 0.88030625 0.345725 0.8730109374999999 0.3558265625 0.9134203125000001 0.38978125
0 0.9257671875 0.377715625 0.9347468750000001 0.3687359375 0.890128125 0.3347796875 0.8822703125 0.3451640625 0.9257671875 0.377715625
0 0.93643125 0.36705156250000004 0.94485 0.358353125 0.898828125 0.323275 0.8909703125 0.33309687499999996 0.93643125 0.36705156250000004
0 0.386196875 0.307003125 0.41846249999999996 0.2752265625 0.379353125 0.2400296875 0.3470890625 0.27229375 0.386196875 0.307003125
0 0.34757812499999996 0.23514062500000002 0.37642031249999997 0.20776406249999999 0.3466 0.1838109375 0.318734375 0.20923124999999998 0.34757812499999996 0.23514062500000002
0 0.29722499999999996 0.3998859375 0.3280234375 0.3690875 0.23709531250000002 0.298203125 0.2067859375 0.3290015625 0.29722499999999996 0.3998859375
0 0.0977296875 0.08870937500000001 0.11614843749999999 0.07141875 0.102240625 0.0590140625 0.0857015625 0.0763046875 0.0977296875 0.08870937500000001
0 0.11577343749999999 0.1199078125 0.1424609375 0.094346875 0.1255453125 0.078184375 0.099234375 0.104496875 0.11577343749999999 0.1199078125
0 0 0.0632125 0.018528125 0.08065 0.068115625 0.033240625 0.041959375 0.0125328125 0 0.050134374999999995 0 0.0632125
0 0.5666703125 0 0.6166109375 0.0366234375 0.6305953125 0.022640625 0.5973015625 0 0.5666703125 0
0 0.6525703125 0 0.611284375 0.0019984374999999998 0.6325937500000001 0.0206421875 0.6525703125 0