0 0.7623703125 0.9221109375 0.7473359375 0.9459140625 0.8012078125000001 0.9947765625 0.8200015625000001 0.976609375 0.7623703125 0.9221109375
0 0.7147609375 0.9227359375 0.6984734375 0.9465406249999999 0.7297953125000001 0.9753578125000001 0.7366859375 0.970971875 0.7492140625 0.98036875 0.7561046874999999 0.9640812499999999 0.7147609375 0.9227359375
0 0.7379390625 0.7629953125 0.71851875 0.7817890625 0.76738125 0.820628125 0.7842953125000001 0.8049671875 0.7379390625 0.7629953125
0 0.6320718750000001 0.8187484375 0.705990625 0.7410703125 0.6790546875000001 0.7178921875000001 0.6095203125 0.7918125 0.6320718750000001 0.8187484375
0 0.7886796875 0.677175 0.8005828125000001 0.6646453125 0.7680078124999999 0.6333249999999999 0.7586109375000001 0.6446 0.7886796875 0.677175
0 0.7886796875 0.677175 0.8005828125000001 0.6646453125 0.7680078124999999 0.6333249999999999 0.7586109375000001 0.6446 0.7886796875 0.677175
0 0.8055937500000001 0.6608875000000001 0.8174953125 0.6489859375 0.78366875 0.6164109375 0.7736453125 0.6301921875 0.8055937500000001 0.6608875000000001
0 0.8200015625000001 0.6477328124999999 0.831903125 0.6320718750000001 0.8012078125000001 0.602003125 0.7911859375 0.6126515625 0.8200015625000001 0.6477328124999999
0 0.8375421875000001 0.6264328124999999 0.8469374999999999 0.6139046875 0.819375 0.5844625 0.8093515625000001 0.5976171875 0.8375421875000001 0.6264328124999999
0 0.858840625 0.6076406249999999 0.8694890624999999 0.5957390625000001 0.8387953125 0.563790625 0.82751875 0.5775718750000001 0.858840625 0.6076406249999999
0 0.8732484375 0.5907265625 0.88515 0.5781984375 0.8557078125 0.5481296875 0.8456859375000001 0.56003125 0.8732484375 0.5907265625
0 0.498346875 0.59460625 0.5341 0.559953125 0.496146875 0.5192484375 0.45984375 0.5533515625 0.498346875 0.59460625
0 0.60065625 0.42243906249999996 0.638059375 0.46479375 0.6518109375 0.4543421875 0.6105578125 0.4103390625 0.60065625 0.4218890625 0.60065625 0.42243906249999996
0 0.6545609375 0.44994218750000003 0.6672125 0.438390625 0.627609375 0.3949375 0.6177078125000001 0.40703750000000005 0.6545609375 0.44994218750000003
0 0.6732640625 0.43124062500000004 0.6848140625 0.4202390625 0.6441109375 0.38008593749999997 0.6336593749999999 0.3877859375 0.6732640625 0.43124062500000004
0 0.5808546875 0.439490625 0.5896546875 0.4482921875 0.60010625 0.435640625 0.59350625 0.42739062499999997 0.5808546875 0.439490625
0 0.5633781250000001 0.464553125 0.566984375 0.4703234375 0.5842968749999999 0.4537328125 0.5734765625 0.4450765625 0.5648203125 0.455175 0.5633781250000001 0.464553125
0 0.9617968749999999 0.35403281249999996 0.9984375 0.32073125 0.9984375 0.22994374999999997 0.9225468749999999 0.309234375 0.9617968749999999 0.35403281249999996
0 0.3350359375 0.256246875 0.354190625 0.2367296875 0.33612031249999996 0.2161296875 0.31805 0.23564531249999998 0.33612031249999996 0.2533546875 0.3350359375 0.256246875
0 0.3653953125 0.22516406249999998 0.3849125 0.20817812500000002 0.3747921875 0.19841875 0.35780625 0.2146828125 0.3653953125 0.22516406249999998
0 0.39105625 0.20095000000000002 0.4091265625 0.18179375 0.3990078125 0.172396875 0.3820203125 0.189384375 0.39105625 0.20095000000000002
0 0.38708125 0.14023125 0.40551250000000005 0.12035312499999999 0.3946703125 0.109871875 0.380575 0.12975 0.38708125 0.14023125
0 0.37298593750000003 0.1770953125 0.3925015625 0.1575796875 0.3809359375 0.1478203125 0.36720312499999996 0.1666140625 0.37298593750000003 0.1770953125
0 0.3559984375 0.1687828125 0.3747921875 0.1510734375 0.36575625 0.13986875000000001 0.34913125 0.1583015625 0.3559984375 0.1687828125
0 0.320940625 0.1854078125 0.327084375 0.19010625 0.3184109375 0.2005875 0.3111828125 0.193359375 0.2952796875 0.212153125 0.30323125 0.2190203125 0.31551874999999996 0.2056484375 0.3205796875 0.20709375 0.33575937499999997 0.192275 0.3343140625 0.1886609375 0.348409375 0.17565 0.33973437500000003 0.1673375 0.320940625 0.1854078125
0 0.2135890625 0.121459375 0.227390625 0.10903750000000001 0.1387125 0.0210484375 0.12801562500000002 0.0310546875 0.2135890625 0.121459375
0 0.16227031249999999 0 0.14282343749999998 0.017434375 0.22999375 0.10594531250000001 0.24206406249999998 0.0945453125 0.21222500000000002 0.0637015625 0.2232890625 0.052637500000000004 0.2102125 0.0372140625 0.1988140625 0.0499546875 0.1907671875 0.04325 0.2028375 0.0301734375 0.16897500000000001 0 0.16227031249999999 0