0 0.3408859375 0.558628125 0.3489796875 0.5460546875000001 0.31141406250000003 0.511815625 0.3028484375 0.524884375 0.3408859375 0.558628125
0 0.3922171875 0.5532781250000001 0.39924218749999996 0.5404703125 0.36021562500000004 0.504896875 0.3511125 0.51685 0.3922171875 0.5532781250000001
0 0.403378125 0.5669796875 0.4133578125 0.5516234375 0.4037671875 0.5446140625 0.39705 0.5592703125 0.403378125 0.5669796875
0 0.4157609375 0.616803125 0.4245046875 0.6033328124999999 0.3970265625 0.5796812499999999 0.389696875 0.5918984375 0.4157609375 0.616803125
0 0.3726921875 0.5656328125 0.38439843749999997 0.5750484375 0.3923921875 0.5609546875 0.38050625 0.5520203125 0.3719734375 0.564359375 0.3726921875 0.5656328125
0 0.6156531249999999 0.6331875 0.6422546875 0.62263125 0.596521875 0.589459375 0.5855046875000001 0.60965625 0.6156531249999999 0.6331875
0 0.6901234374999999 0.47540625 0.6939765625 0.46669687499999996 0.72268125 0.4903890625 0.7506375000000001 0.4469390625 0.65725 0.3669859375 0.6233640625 0.41644531249999994 0.6901234374999999 0.47540625
0 0.583071875 0.3880015625 0.6203109375 0.3332140625 0.5530640625000001 0.278153125 0.5176203125 0.33159062499999997 0.583071875 0.3880015625
0 0.8814875000000001 0.274159375 0.8895875 0.2597015625 0.7891953125 0.17311875000000002 0.7803671875 0.187 0.8814875000000001 0.274159375
0 0.843721875 0.1708390625 0.8548203125 0.1587328125 0.8203359375 0.13245 0.8124421875 0.1435203125 0.843721875 0.1708390625
0 0.900178125 0.2466046875 0.9104125 0.23621093750000002 0.8604171875000001 0.19155625 0.851890625 0.20227187500000002 0.900178125 0.2466046875
0 0.9135890625 0.2297953125 0.9226765625000001 0.21799531249999998 0.8897765625 0.1884671875 0.8762296875000001 0.199753125 0.9135890625 0.2297953125
0 0.7251140625 0.13337656250000002 0.7511703125 0.12255156250000002 0.738021875 0.0993328125 0.71340625 0.11246562499999999 0.7251140625 0.13337656250000002
0 0.7037171875 0.105784375 0.73160625 0.091109375 0.7170390624999999 0.0720859375 0.69074375 0.0864484375 0.7037171875 0.105784375
0 0.0551 0.1439734375 0.1337921875 0.209440625 0.1447390625 0.1938046875 0.06596093750000001 0.1286796875 0.055685937500000005 0.1427046875 0.0551 0.1439734375
0 0.0387140625 0.1629546875 0.0493390625 0.17022500000000002 0.062417187500000006 0.1776546875 0.062396875 0.19621093750000002 0.1134375 0.23884375000000002 0.1334359375 0.21317031250000001 0.05141250000000001 0.1428125 0.0387140625 0.1629546875
0 0.1031609375 0.254103125 0.11045624999999999 0.24063906249999997 0.0561734375 0.19755781249999999 0.047581250000000005 0.20840156250000003 0.1031609375 0.254103125
0 0.0616671875 0 0.000946875 0.00081875 0.001128125 0.0181859375 0.053351562500000005 0.032695312500000004 0.0616671875 0