0 0.30310000000000004 0.4962 0.26455937500000004 0.5499953125 0.3235734375 0.594959375 0.3621140625 0.5395578125 0.30310000000000004 0.4974046875 0.30310000000000004 0.4962
0 0.39904843749999996 0.6531703125 0.427953125 0.613425 0.37174843750000003 0.5688640625 0.34284375 0.6110171875 0.39904843749999996 0.6531703125
0 0.5356390625 0.5706249999999999 0.5635734375 0.5890671875 0.595034375 0.5451312500000001 0.5679125 0.526146875 0.5356390625 0.5706249999999999
0 0.6338171874999999 0.5868984375 0.644665625 0.5708968750000001 0.606153125 0.5372656250000001 0.59395 0.5532671875 0.6338171874999999 0.5868984375
0 0.5790328125 0.5736078124999999 0.5947625000000001 0.5858125000000001 0.5993734374999999 0.581203125 0.6091375 0.588796875 0.605340625 0.59611875 0.6189 0.606153125 0.631646875 0.588796875 0.589609375 0.55679375 0.5790328125 0.5736078124999999
0 0.5676421875 0.589609375 0.6104937500000001 0.6194421875 0.6159171875 0.6080515625 0.57550625 0.5765921875 0.5676421875 0.589609375
0 0.5831015625 0.4925171875 0.60995 0.512315625 0.6405968750000001 0.4748875 0.6148328125 0.45671718749999995 0.5831015625 0.4925171875
0 0.6248671875 0.5239765625 0.6538859375 0.544046875 0.68290625 0.5063484375 0.6555140625 0.4862796875 0.6248671875 0.5239765625
0 0.17529375 0.87283125 0.2061734375 0.8982625000000001 0.22524687499999999 0.8732859375 0.19073281250000002 0.849671875 0.17529375 0.87283125
0 0.2188890625 0.8047124999999999 0.2007234375 0.826965625 0.2366 0.860115625 0.2729296875 0.813340625 0.21480156250000002 0.7615703125 0.195728125 0.78336875 0.2188890625 0.8047124999999999
0 0.0548203125 0.7262984375 0.06818437499999999 0.7369343749999999 0.077184375 0.724934375 0.06436562500000001 0.71620625 0.0548203125 0.7262984375
0 0.0665484375 0.709115625 0.0818203125 0.7202984375 0.0897296875 0.7077515625 0.07609375 0.6984796875 0.0665484375 0.709115625
0 0.09300312499999999 0.706115625 0.1025484375 0.6943875 0.08754843749999999 0.6848421874999999 0.0804578125 0.69220625 0.09300312499999999 0.706115625
0 0.1039125 0.6886609375 0.1134578125 0.67720625 0.09845781249999999 0.6679328124999999 0.0902765625 0.6796609375 0.1039125 0.6886609375
0 0.11455 0.6712046875000001 0.12355000000000001 0.6608421875 0.1090953125 0.648840625 0.0995484375 0.6592046875 0.11455 0.6712046875000001
0 0.016364062500000002 0.694115625 0.042546875 0.7156609375 0.05318437499999999 0.7033890625 0.026728125000000002 0.682115625 0.016364062500000002 0.694115625
0 0.06845625 0.690296875 0.0826390625 0.6728421875 0.0540015625 0.65156875 0.039820312499999996 0.669296875 0.06845625 0.690296875
0 0.23626874999999997 0.3179515625 0.227978125 0.3201453125 0.22822187500000002 0.3274609375 0.27454999999999996 0.322828125 0.2711359375 0.3089296875 0.2399265625 0.31063593749999996 0.23626874999999997 0.3179515625
0 0.2623578125 0.27771875 0.20871562500000002 0.2801578125 0.21042343749999998 0.3086859375 0.2706484375 0.304296875 0.2623578125 0.27771875
0 0.08168281250000001 0.146053125 0.1348359375 0.1823828125 0.149953125 0.165071875 0.0972875 0.12483906250000001 0.08168281250000001 0.146053125
0 0.0553484375 0.17750625 0.10801562499999999 0.2187125 0.11703749999999999 0.20579062499999998 0.1233765625 0.19871875 0.126546875 0.2006703125 0.13142343750000002 0.18969843749999998 0.0794875 0.14897812500000002 0.0553484375 0.17750625
0 0.9689921874999999 0.78345625 0.9798640625000001 0.7682359375 0.9675437499999999 0.7588140625 0.954496875 0.772584375 0.9689921874999999 0.78345625
0 0.9443515625 0.81860625 0.9650062500000001 0.7885296875 0.9490624999999999 0.7787453125 0.9313062499999999 0.8033875 0.9443515625 0.81860625
0 0.8247671875 0.7892546874999999 0.912825 0.8595546875 0.939640625 0.82150625 0.9255078125 0.8120843750000001 0.9113749999999999 0.8298406249999999 0.8392625 0.7704109375 0.8247671875 0.7892546874999999
0 0.9791390625 0.9984375 0.9983453125 0.9984375 0.9984375 0.9813140625000001 0.9468875000000001 0.9392781250000001 0.9284062499999999 0.96391875 0.9791390625 0.9984375
0 0.3054234375 0.493475 0.3464421875 0.519346875 0.35716875 0.5023093750000001 0.3199375 0.47675156249999995 0.3054234375 0.493475
0 0.4771109375 0.001546875 0.44461562499999996 0 0.4306265625 0.0203453125 0.4856765625 0.063228125 0.5114062500000001 0.028521875000000002 0.4771109375 0.001546875
0 0.23373906249999998 0.17355 0.2032875 0.1492609375 0.148009375 0.2226546875 0.1745171875 0.24417031250000001 0.23373906249999998 0.17355