0 0.0376546875 0.3276796875 0.0704421875 0.354396875 0.082990625 0.3382046875 0.0467703125 0.3100546875 0.0376546875 0.3276796875
0 0.10201562500000001 0.3487296875 0.12873125000000002 0.3669453125 0.1416828125 0.351159375 0.1135796875 0.3358890625 0.10201562500000001 0.3487296875
0 0.0870375 0.37301875 0.1084921875 0.38839999999999997 0.1186109375 0.3746375 0.0939828125 0.3563765625 0.0870375 0.37301875
0 0.029559375 0.3722078125 0.0522265625 0.38678124999999997 0.0619421875 0.3681609375 0.03964375 0.355040625 0.029559375 0.3722078125
0 0.0627515625 0.390425 0.1003953125 0.4159265625 0.1109203125 0.40014062499999997 0.07037656249999999 0.3746390625 0.0627515625 0.390425
0 0.119015625 0.39730625 0.1420875 0.41511718750000004 0.15423125 0.40014062499999997 0.12961406250000002 0.3817640625 0.119015625 0.39730625
0 0.13723125 0.37301875 0.161921875 0.390425 0.1728515625 0.37666093749999996 0.1469859375 0.3577125 0.13723125 0.37301875
0 0.09553906250000001 0.4422390625 0.1210390625 0.46045625 0.13196875 0.443859375 0.10734531249999998 0.42675 0.09553906250000001 0.4422390625
0 0.1769 0.4147125 0.184590625 0.4058078125 0.167028125 0.39690781249999996 0.1611125 0.40661718750000003 0.1769 0.4147125
0 0.5625984374999999 0.47399375 0.586309375 0.48997343750000005 0.5930093750000001 0.480953125 0.5686093750000001 0.465696875 0.5625984374999999 0.47399375
0 0.5883703125 0.46832343749999994 0.6022875 0.4770875 0.6089890625 0.467034375 0.5941328125 0.45860781250000004 0.5883703125 0.46832343749999994
0 0.5512578125 0.4881703125 0.57496875 0.50415 0.5814125 0.49435624999999994 0.5571859375 0.47914843749999997 0.5512578125 0.4881703125
0 0.5404328125 0.5038921875 0.5780609375 0.5278625 0.5855359375 0.5183265625 0.545921875 0.49462343750000004 0.5404328125 0.5038921875
0 0.5272890625 0.5172953125 0.5486796875 0.5319859375 0.557959375 0.52141875 0.536846875 0.50681875 0.5272890625 0.5172953125
0 0.5381140624999999 0.5245124999999999 0.5257421875 0.5188421875 0.5180109374999999 0.5278625 0.530890625 0.5346109375 0.5381140624999999 0.5245124999999999
0 0.5051234375 0.53944375 0.55203125 0.57269375 0.5597624999999999 0.5595484374999999 0.5125984375 0.5296671875000001 0.5051234375 0.53944375
0 0.6074421875 0.49150312500000004 0.621359375 0.4976890625 0.6288343750000001 0.4889265625 0.612565625 0.48269062500000004 0.6074421875 0.49150312500000004
0 0.59996875 0.503103125 0.6350203125 0.528103125 0.6424937500000001 0.517278125 0.6061546875 0.4948546875 0.59996875 0.503103125
0 0.5986796875 0.519340625 0.6241953125 0.5348046875 0.6290921875000001 0.5275875 0.604865625 0.51135 0.5986796875 0.519340625
0 0.8274703125 0.6317796875 0.8641359375000001 0.6343984375 0.864921875 0.6236609375 0.8256375 0.618946875 0.8274703125 0.6317796875
0 0.7732593750000001 0.676303125 0.821971875 0.6776125000000001 0.8224953125000001 0.662946875 0.771728125 0.6648484375 0.7732593750000001 0.676303125
0 0.83899375 0.660065625 0.8510406250000001 0.6579703125 0.8524156250000001 0.6455421875 0.8382078125 0.6443515625 0.83899375 0.660065625
0 0.7986625 0.681803125 0.8015437500000001 0.69725625 0.8230187499999999 0.6964703125 0.8250390624999999 0.685309375 0.7986625 0.681803125
0 0.7567609375 0.7132328125 0.80678125 0.7142796875 0.8075671874999999 0.701184375 0.75731875 0.69971875 0.7567609375 0.7132328125
0 0.762521875 0.6941125 0.7871406249999999 0.6948984375 0.7871406249999999 0.6815421875000001 0.7616421875 0.6818515625 0.762521875 0.6941125
0 0.8607250000000001 0.8637578124999999 0.8845734375 0.8797375000000001 0.8950671874999999 0.86328125 0.873834375 0.849984375 0.8607250000000001 0.8637578124999999
0 0.8333 0.9109796875 0.873603125 0.9374515625000001 0.8998359375 0.9023937500000001 0.8586140625 0.8743890625 0.8333 0.9109796875
0 0.764915625 0.9481249999999999 0.7841390625 0.9626374999999999 0.8009140625000001 0.9454859375 0.7791578125 0.9301609375 0.764915625 0.9481249999999999
0 0.752853125 0.9624484375 0.7737734374999999 0.9784703125 0.7813125000000001 0.9677265625 0.7622765625000001 0.953025 0.752853125 0.9624484375
0 0.78508125 0.9794124999999999 0.8058140625 0.9946796875 0.8272999999999999 0.964334375 0.8088140625 0.950278125 0.78508125 0.9794124999999999
0 0.5349796875 0.055678125 0.5748359375 0.079771875 0.5846515625 0.06608906249999999 0.545596875 0.0409515625 0.5349796875 0.055678125
0 0.5495546874999999 0.0387234375 0.5873296875 0.06073437499999999 0.5906015625000001 0.0506203125 0.557378125 0.0317875 0.5495546874999999 0.0387234375
0 0.0923578125 0.959396875 0.0812703125 0.9584718750000001 0.0706453125 0.9783375 0.10436875000000001 0.997278125 0.1477921875 0.9984375 0.16765625 0.9824953125 0.1524109375 0.9718703124999999 0.16765625 0.9547765625 0.1417859375 0.937221875 0.1445578125 0.931678125 0.12098125 0.9160406249999999 0.0923578125 0.959396875