0 0.641731125 0.8465313765625 0.62970625 0.8585578125 0.688965625 0.921190625 0.7010109375 0.9081828125 0.641731125 0.8465313765625
0 0.6875203125 0.89035625 0.7005296875 0.8783109375 0.64705 0.8195328125 0.6369328125 0.8306140624999999 0.6875203125 0.89035625
0 0.699565625 0.8691578124999999 0.7135374999999999 0.8580765625 0.660540625 0.8060421874999999 0.65186875 0.815678125 0.699565625 0.8691578124999999
0 0.7569 0.9549171875000001 0.7809890625 0.9322734374999999 0.7593078125 0.9125187499999999 0.7361828125 0.936609375 0.7569 0.9549171875000001
0 0.79544375 0.9390171875 0.81230625 0.9202281250000001 0.781953125 0.8913203125000001 0.7636453125 0.909628125 0.79544375 0.9390171875
0 0.8286875 0.9226375000000001 0.8638578125 0.8865015625 0.8233874999999999 0.848440625 0.79110625 0.8845750000000001 0.8286875 0.9226375000000001
0 0.8990281250000001 0.95588125 0.9409453125 0.9130015625000001 0.910109375 0.876384375 0.8677125 0.9202281250000001 0.8990281250000001 0.95588125
0 0.793996875 0.787734375 0.81230625 0.76894375 0.7723171875 0.7299187500000001 0.754009375 0.7482265625 0.793996875 0.787734375
0 0.4498046875 0.6778671875 0.46047656249999996 0.664825 0.41620625 0.631228125 0.4075109375 0.643875 0.4498046875 0.6778671875
0 0.5320171874999999 0.6169984375 0.5426890625 0.605140625 0.47668125000000006 0.55178125 0.46917187499999996 0.5660093749999999 0.5320171874999999 0.6169984375
0 0.5158125 0.577471875 0.5276703125 0.5656140625 0.49328281250000006 0.5351796875 0.48537656250000005 0.5482234375 0.5158125 0.577471875
0 0 0.359140625 0.010510937500000001 0.37315624999999997 0.1319765625 0.2405953125 0.0922671875 0.21373281249999998 0 0.3182640625 0 0.359140625
0 0.051178125 0.9984375 0.08335781249999999 0.9984375 0.1147640625 0.96346875 0.0550546875 0.9181062499999999 0.0093046875 0.969284375 0.051178125 0.9984375