0 0.45944531250000004 0.9984375 0.4831984375 0.9984375 0.43771875 0.962884375 0.42336406249999997 0.9754968749999999 0.45944531250000004 0.9984375
0 0.4512609375 0.9520375 0.464746875 0.9407765625 0.42905625000000003 0.9155625000000001 0.41801875 0.9272578125000001 0.4512609375 0.9520375
0 0.4599828125 0.9296640625 0.4752484375 0.920509375 0.4458828125 0.8979984375000001 0.4358171875 0.9096546875 0.4599828125 0.9296640625
0 0.5680078125 0.9587703125000001 0.5828109375 0.9482843750000001 0.52631875 0.9050921875 0.5151859375 0.916784375 0.5680078125 0.9587703125000001
0 0.5880890625 0.94370625 0.6050296875 0.9304125000000001 0.5397953125 0.881240625 0.5237406250000001 0.895396875 0.5880890625 0.94370625
0 0.6768828124999999 0.8438703125 0.6520703125 0.8226156250000001 0.599346875 0.8656015625 0.62340625 0.8897031249999999 0.6768828124999999 0.8438703125
0 0.700915625 0.8518453125000001 0.72875625 0.830525 0.7059984375 0.811190625 0.6789203125000001 0.8327671875 0.700915625 0.8518453125000001
0 0.736559375 0.958790625 0.8196125000000001 0.8847984375 0.79008125 0.8600937500000001 0.705834375 0.9334515624999999 0.736559375 0.958790625
0 0.79264375 0.9817328125 0.8466296874999999 0.9326718749999999 0.810840625 0.8995859375 0.7567609375 0.9496046874999999 0.79264375 0.9817328125
0 0.91105625 0.9984375 0.9277296875 0.98474375 0.8793734375 0.9445203125000001 0.8177562500000001 0.9984375 0.91105625 0.9984375
0 0.9695874999999999 0.6429796875 0.9039328125000001 0.586809375 0.8742828125000001 0.6105078125000001 0.9420125 0.6674203125 0.9695874999999999 0.6429796875
0 0.8087203125 0.5608484375 0.778478125 0.5368296875 0.7686375 0.5475265625 0.7985156250000001 0.5718734375000001 0.8087203125 0.5608484375
0 0.7538984375 0.5666484374999999 0.781759375 0.590459375 0.7942812499999999 0.5803375 0.7625421875 0.555315625 0.7538984375 0.5666484374999999
0 0.7524046875 0.5996078125000001 0.7602140625 0.6066796875 0.7720265625 0.595959375 0.7605109375 0.5884984375 0.7524046875 0.5996078125000001
0 0.73888125 0.46347812499999996 0.6946265625 0.428534375 0.630928125 0.48240625000000004 0.6750703125 0.5173328125000001 0.73888125 0.46347812499999996
0 0.6536796875 0.34849687500000004 0.662878125 0.33961406250000004 0.608375 0.29919531250000003 0.60081875 0.306559375 0.6536796875 0.34849687500000004
0 0.614375 0.298678125 0.665365625 0.33745156249999997 0.6738015625 0.32989999999999997 0.6210203125 0.288871875 0.6135921875 0.29804375 0.614375 0.298678125
0 0.676646875 0.3267171875 0.685340625 0.31964375 0.6327578125 0.27954218750000004 0.6254187499999999 0.2871625 0.676646875 0.3267171875
0 0.4566703125 0.23850781250000003 0.4577671875 0.247703125 0.534346875 0.2450171875 0.5345859374999999 0.23228437500000002 0.4566703125 0.23850781250000003
0 0.53545 0.2573109375 0.5352265625 0.24711249999999998 0.45794687500000003 0.2507359375 0.458271875 0.262384375 0.53545 0.2573109375
0 0.5286500000000001 0.26942343750000003 0.5278046875 0.260428125 0.4612578125 0.2630359375 0.46157031249999997 0.27364062499999997 0.5286500000000001 0.26942343750000003
0 0.5124203125 0.28243125 0.512321875 0.27436875 0.48917031250000004 0.2739171875 0.489703125 0.28433593749999997 0.5124203125 0.28243125
0 0.5524203125 0.21116562499999997 0.552746875 0.20156718749999997 0.5325546875 0.200528125 0.5318140625 0.20910937500000001 0.5524203125 0.21116562499999997
0 0.562075 0.19929687499999998 0.5623984375 0.19049375 0.5395749999999999 0.1906421875 0.53933125 0.19753281250000002 0.562075 0.19929687499999998
0 0.5595203125 0.1855609375 0.5593375 0.1757078125 0.5388078125 0.17545312500000002 0.5388078125 0.18479218749999998 0.5595203125 0.1855609375
0 0.561546875 0.1713390625 0.5612109375000001 0.161946875 0.5393578125 0.162059375 0.53933125 0.1708984375 0.561546875 0.1713390625
0 0.0621125 0.63050625 0.1302234375 0.5719828125 0.1041765625 0.5508093749999999 0.0374328125 0.6079828125 0.0621125 0.63050625
0 0.12402187499999999 0.6575890625 0.1349203125 0.6483484374999999 0.10095625 0.62169375 0.1086390625 0.615 0.096428125 0.6054484375 0.0807546875 0.624178125 0.12402187499999999 0.6575890625
0 0.140515625 0.6423578125 0.1500203125 0.633959375 0.120340625 0.6095859375 0.111509375 0.6198046875000001 0.140515625 0.6423578125
0 0.1191265625 0.5810375 0.1117828125 0.592353125 0.118596875 0.5995 0.1259359375 0.598946875 0.1275671875 0.60789375 0.15806718749999998 0.6288671875 0.1692046875 0.618584375 0.1191265625 0.5810375
0 0.17179843749999998 0.6187609375 0.1833109375 0.609515625 0.1560125 0.5870421875 0.145790625 0.59576875 0.17179843749999998 0.6187609375
0 0.0400328125 0.7159421874999999 0.0512328125 0.7225984375000001 0.060979687500000004 0.7112046875 0.05347031249999999 0.70445 0.062078125 0.6953578125 0.0437375 0.6807953125 0.0346203125 0.6936953124999999 0.050709375 0.7059078125 0.0400328125 0.7159421874999999
0 0.0814078125 0.711246875 0.073359375 0.704778125 0.061682812499999996 0.7153328125 0.068953125 0.72218125 0.0814078125 0.711246875
0 0.07093588906250001 0.6928455312499999 0.0859828125 0.7078203125 0.0985125 0.69511875 0.080965625 0.6803515625000001 0.07093588906250001 0.6928455312499999
0 0.1222375 0.3000265625 0.06964375 0.342625 0.0727765625 0.34660625 0.057809374999999996 0.36164687500000003 0.072928125 0.37481875 0.144596875 0.31639375 0.1222375 0.3000265625
0 0.05215625 0.301821875 0.05345156250000001 0.2903671875 0.028203125000000002 0.2897265625 0.0290796875 0.299721875 0.05215625 0.301821875
0 0.0849734375 0.2929234375 0.086646875 0.281796875 0.0380875 0.27519218749999996 0.037671875 0.2858421875 0.0849734375 0.2929234375
0 0.09389375 0.2792953125 0.0981046875 0.2680796875 0.049653125 0.260015625 0.046925 0.2703109375 0.09389375 0.2792953125
0 0.14673125 0.0733046875 0.14127499999999998 0.062201562499999995 0.156375 0.048015625 0.1481984375 0.0424578125 0.0871046875 0.0927859375 0.1016375 0.1062703125 0.14673125 0.0733046875
0 0.172140625 0.0896671875 0.1534890625 0.07635625 0.106040625 0.1129828125 0.126375 0.12763906249999998 0.172140625 0.0896671875
0 0.179728125 0.1167671875 0.1665875 0.1054640625 0.135075 0.12844843749999998 0.14874218749999998 0.14102187500000002 0.179728125 0.1167671875
0 0.21309999999999998 0.09659218750000001 0.1810453125 0.0666578125 0.175978125 0.07166718749999999 0.1850953125 0.0793375 0.17515624999999999 0.0880515625 0.1975546875 0.110296875 0.21309999999999998 0.09659218750000001
0 0 0.950653125 0.032623437500000005 0.97925625 0.0437546875 0.970246875 0 0.935359375 0 0.950653125
0 0 0.9713765625 0.0215421875 0.9892031250000001 0.0311421875 0.98186875 0.00076875 0.9576671875 0 0.9713765625
0 0.7173625 0.40589062499999995 0.7547734375 0.43625781249999995 0.775225 0.4215328125 0.736809375 0.3912265625 0.7173625 0.40589062499999995