0 0.30924375 0.357540625 0.38176875 0.41050156250000003 0.387725 0.397528125 0.3178171875 0.348034375 0.30924375 0.357540625
0 0.3035 0.37391718749999997 0.370496875 0.425390625 0.3796421875 0.4124171875 0.31196562499999997 0.36465000000000003 0.3035 0.37391718749999997
0 0.3666796875 0.33933749999999996 0.3934046875 0.356428125 0.40431249999999996 0.3397015625 0.375096875 0.32150625 0.3666796875 0.33933749999999996
0 0.40976718749999996 0.33315625 0.4208578125 0.31751874999999996 0.3796984375 0.2906984375 0.371225 0.306428125 0.40976718749999996 0.33315625
0 0.3499828125 0.2490078125 0.43495156250000006 0.291571875 0.4411875 0.2680296875 0.360115625 0.2282703125 0.3499828125 0.2490078125
0 0.400525 0.24370468750000002 0.43226875 0.25891406250000004 0.43581250000000005 0.2448859375 0.4241484375 0.23720781249999998 0.4282828125 0.226725 0.41152812499999997 0.2195125 0.400525 0.24370468750000002
0 0.067553125 0.09164375 0.11570625000000001 0.122934375 0.1270234375 0.10784374999999999 0.07887187500000001 0.0762140625 0.067553125 0.09164375
0 0.056437499999999995 0.11140000000000001 0.10305781249999998 0.1413546875 0.113709375 0.125153125 0.06641875 0.09623593750000001 0.056437499999999995 0.11140000000000001
0 0.1687359375 0 0.23604843749999999 0.043728125 0.242353125 0.033146875 0.1928234375 0.0005 0.1687359375 0
0 0.687071875 0.131775 0.7013125 0.10868125 0.6543234375 0.0779515625 0.640115625 0.10002031250000001 0.687071875 0.131775
0 0.7996828125000001 0.0426609375 0.7995390625 0.00021562500000000002 0.7729546875 0.00017656250000000002 0.761084375 0.0160265625 0.7996828125000001 0.0426609375
0 0.7257015625000001 0.4110203125 0.7814265625 0.445053125 0.7901484375 0.4288875 0.7334875000000001 0.39251718750000003 0.7257015625000001 0.4110203125
0 0.711025 0.4459046875 0.765475 0.48100156250000003 0.774834375 0.46504843749999997 0.7166375 0.4252828125 0.711025 0.4459046875