0 0.32292187499999997 0.8334859375000001 0.3335125 0.8205171874999999 0.285053125 0.787275 0.2726046875 0.8018218750000001 0.32292187499999997 0.8334859375000001
0 0.3352578125 0.8190250000000001 0.3432109375 0.81059375 0.293628125 0.7762796875 0.287071875 0.783928125 0.3352578125 0.8190250000000001
0 0.36986093750000004 0.779484375 0.38551406250000003 0.7609984375 0.3369640625 0.7297171875 0.324384375 0.7454734375000001 0.36986093750000004 0.779484375
0 0.49129531249999997 0.6583359375 0.5077140625000001 0.63928125 0.4761484375 0.619615625 0.46102968750000006 0.63999375 0.49129531249999997 0.6583359375
0 0.5078015625 0.6367265625 0.5148984375000001 0.6273500000000001 0.4845515625 0.609796875 0.4790515625 0.616521875 0.5078015625 0.6367265625
0 0.5455109375 0.623771875 0.5362109375 0.623459375 0.5158280875 0.6517137453124999 0.54944375 0.6786078125 0.581228125 0.6376328124999999 0.5504421875000001 0.6166437499999999 0.5455109375 0.623771875
0 0.585971875 0.7225828125 0.6008218750000001 0.70368125 0.5809203125 0.6903359375 0.5647265625 0.7087046875 0.585971875 0.7225828125
0 0.6073906250000001 0.7305203125 0.6237265625 0.7126703125 0.6085171875000001 0.70613125 0.5959859375 0.7233968749999999 0.6073906250000001 0.7305203125
0 0.65435 0.711203125 0.66573125 0.691225 0.636678125 0.6718124999999999 0.623646875 0.6907062500000001 0.65435 0.711203125
0 0.6697171875000001 0.693625 0.67754375 0.6814328125 0.6476484375 0.660684375 0.6404124999999999 0.66975 0.6697171875000001 0.693625
0 0.6495796875 0.6627875000000001 0.6670390625 0.640884375 0.6373624999999999 0.6236312500000001 0.6199421875 0.64410625 0.6495796875 0.6627875000000001
0 0.73636875 0.6210453125 0.7626968749999999 0.5911484375 0.7036921875 0.548375 0.6785515625 0.5825734375 0.73636875 0.6210453125
0 0.85289375 0.7467640624999999 0.9086531250000001 0.677075 0.8541265625 0.639034375 0.7993515625 0.7100953125 0.85289375 0.7467640624999999
0 0.48734374999999996 0.550846875 0.480246875 0.5607296875000001 0.50629375 0.579640625 0.5145859374999999 0.5699484375 0.48734374999999996 0.550846875
0 0.516475 0.5672328125 0.5258609375 0.55824375 0.49802656250000005 0.539825 0.4895296875 0.548625 0.516475 0.5672328125
0 0.42716562500000005 0.5684453125 0.44410156250000005 0.5468921875 0.3973234375 0.516353125 0.381946875 0.5358859375 0.42716562500000005 0.5684453125
0 0.3792390625 0.50141875 0.39185781249999996 0.4837671875 0.3622546875 0.46610625 0.35038281250000003 0.48156718749999994 0.3792390625 0.50141875
0 0.3089203125 0.49254687500000005 0.3285328125 0.5036031249999999 0.341675 0.489190625 0.316434375 0.47527968749999994 0.3089203125 0.49254687500000005
0 0.3655921875 0.455796875 0.3763828125 0.44060156250000004 0.3592046875 0.4264796875 0.34783906249999996 0.443253125 0.3655921875 0.455796875
0 0.274359375 0.4906265625 0.297565625 0.4594609375 0.2627875 0.43881718750000004 0.2415671875 0.46792187500000004 0.274359375 0.4906265625
0 0.1567 0.43619375 0.1848546875 0.45699218750000004 0.21816874999999997 0.41905625 0.1892859375 0.3989453125 0.1835734375 0.39858125 0.1567 0.43619375
0 0.34271250000000003 0.381215625 0.3566578125 0.3651890625 0.3176734375 0.3406 0.302603125 0.3579265625 0.34271250000000003 0.381215625
0 0.3911359375 0.33561874999999997 0.4040109375 0.319384375 0.3750953125 0.29785625 0.3612796875 0.3147578125 0.3911359375 0.33561874999999997
0 0.375853125 0.348996875 0.38151562499999997 0.34045000000000003 0.3696625 0.331940625 0.3633328125 0.3405828125 0.375853125 0.348996875
0 0.35618125 0.35388125000000004 0.36816875 0.3605890625 0.373040625 0.352359375 0.360021875 0.344515625 0.35618125 0.35388125000000004
0 0.85348125 0.3648234375 0.9079765625 0.402303125 0.9305515625 0.37605468750000004 0.8752453125 0.3381234375 0.85348125 0.3648234375
0 0.8338125 0.3916859375 0.8527812499999999 0.40507968749999995 0.8635796875 0.39129375 0.8416484375 0.37818125 0.8338125 0.3916859375
0 0.8125078125 0.3754 0.8221484374999999 0.3624953125 0.780484375 0.3359703125 0.7697437500000001 0.34979375 0.8125078125 0.3754
0 0.8258390625 0.358696875 0.8360328125 0.34590156250000004 0.7971453125 0.3197421875 0.786084375 0.33123281250000003 0.8258390625 0.358696875
0 0.838934375 0.34169218749999997 0.8501921875 0.32720937499999997 0.827475 0.3123234375 0.8245890625 0.31663125000000003 0.8066531250000001 0.3038578125 0.796421875 0.31701875 0.838934375 0.34169218749999997
0 0.76911875 0.1625984375 0.7736375 0.1544640625 0.725846875 0.12787656249999999 0.7225609375000001 0.1363828125 0.76911875 0.1625984375
0 0.7584375 0.1767234375 0.7617640625 0.1669234375 0.7143484375 0.14288125000000002 0.7142515625 0.141790625 0.7103234375 0.1544203125 0.7584375 0.1767234375
0 0.6907453125 0.16126093749999998 0.704334375 0.16596875 0.7092515625 0.1578625 0.6971671875000001 0.15195625 0.6907453125 0.16126093749999998
0 0.700046875 0.1784015625 0.6999515625 0.167528125 0.6860921875 0.1646484375 0.6852390625 0.1783859375 0.700046875 0.1784015625
0 0.7488265625 0.189825 0.7513671875 0.17980000000000002 0.7357843749999999 0.17558125 0.7339828125000001 0.18460625 0.7488265625 0.189825
0 0.7373359374999999 0.20198125 0.74104375 0.192325 0.7267109375 0.18946875000000002 0.7267109375 0.201134375 0.7373359374999999 0.20198125
0 0.5188578125000001 0.120346875 0.524453125 0.1118578125 0.4592328125 0.0664828125 0.4575984375 0.0667828125 0.45175625 0.07604375 0.5188578125000001 0.120346875
0 0.5181171875 0.14351875 0.524675 0.1323046875 0.466921875 0.0950953125 0.46158124999999994 0.1057328125 0.5181171875 0.14351875
0 0.5060515624999999 0.1555875 0.5114062500000001 0.14665625 0.4550015625 0.10979375 0.4496125 0.1171453125 0.5060515624999999 0.1555875
0 0.46793281249999996 0.1594171875 0.474328125 0.1489875 0.43887187499999997 0.12656406250000002 0.432840625 0.1364296875 0.46793281249999996 0.1594171875
0 0.4291359375 0.15801875 0.4613703125 0.1788734375 0.46658437499999994 0.16725937500000002 0.43305625000000003 0.146746875 0.4291359375 0.15801875
0 0.4717875 0.1716140625 0.48919218750000004 0.150128125 0.48239375000000007 0.1454390625 0.4665796875 0.16521875 0.4717875 0.1716140625
0 0.401903125 0.040701562499999996 0.4085671875 0.0303296875 0.3629859375 0.002353125 0.3563578125 0.0103015625 0.401903125 0.040701562499999996
0 0.393103125 0.0544890625 0.3995140625 0.0449625 0.3409234375 0.006471875 0.33746875 0.016371875 0.393103125 0.0544890625
0 0.34836093749999997 0.0426375 0.394196875 0.0730515625 0.40205 0.0630625 0.354375 0.0337921875 0.34836093749999997 0.0426375
0 0.300846875 0.067603125 0.3618109375 0.1074765625 0.3755828125 0.09068593750000001 0.31474375 0.05059375000000001 0.300846875 0.067603125
0 0.288059375 0.09100625 0.34371874999999996 0.1303 0.3562296875 0.110696875 0.29640625 0.07363906249999999 0.288059375 0.09100625