0 0.24317031249999999 0.8506875 0.2952203125 0.8872859375000001 0.2992859375 0.8832187499999999 0.3212453125 0.9027375 0.3391359375 0.8767125 0.270821875 0.82385 0.24317031249999999 0.8506875
0 0.306540625 0.92518125 0.30283125 0.9276546874999999 0.3121015625 0.9356890625000001 0.354128125 0.8868640624999999 0.34053125 0.880065625 0.306540625 0.9245640625 0.306540625 0.92518125
0 0.290471875 0.9060234375 0.2935609375 0.9084953125 0.2917078125 0.917146875 0.3015953125 0.9239453125000001 0.31086562500000003 0.906640625 0.2941796875 0.899225 0.290471875 0.9060234375
0 0.3572171875 0.800959375 0.4103671875 0.842984375 0.45301093750000004 0.794778125 0.4029515625 0.7515171875 0.3572171875 0.800959375
0 0.0051921875 0.5694140625 0.0484609375 0.6069140625 0.072690625 0.5867218750000001 0.0496140625 0.5688375 0.072690625 0.5503765625 0.095190625 0.5307609375 0.0617296875 0.505953125 0.0051921875 0.5694140625
0 0.7366140624999999 0.6621718750000001 0.72453125 0.6547671875 0.706603125 0.673475 0.727259375 0.6894546874999999 0.7545421875 0.6610031249999999 0.7424593749999999 0.651259375 0.7366140624999999 0.6621718750000001
0 0.7323265625000001 0.6929624999999999 0.7486953125 0.7054343750000001 0.7775359374999999 0.6781515625 0.75805 0.6649015625 0.7323265625000001 0.6929624999999999
0 0.658665625 0.64424375 0.6785421875 0.6629515625 0.7019265625 0.6313828125 0.6851671875 0.61813125 0.658665625 0.64424375
0 0.6348906249999999 0.6610031249999999 0.64853125 0.6703578125 0.6539875 0.6660703125 0.6617828125 0.6730859375 0.671915625 0.66139375 0.650090625 0.6450234375 0.6348906249999999 0.6610031249999999
0 0.6582749999999999 0.6785421875 0.703875 0.713228125 0.7167359375 0.6976390625 0.6726953124999999 0.6649015625 0.6582749999999999 0.6785421875
0 0.745278125 0.5931734375 0.777846875 0.618465625 0.7903203125 0.6035671875 0.755671875 0.5796609375 0.745278125 0.5931734375
0 0.7567109375000001 0.569265625 0.8246218750000001 0.6201984375 0.83224375 0.60841875 0.7657203124999999 0.5599109375 0.7567109375000001 0.569265625
0 0.8142265625 0.5900546875 0.8395203125 0.6042609375 0.8464499999999999 0.59490625 0.8218500000000001 0.581046875 0.8142265625 0.5900546875
0 0.8010609375 0.630246875 0.8156125 0.6385625 0.8246218750000001 0.6233171875 0.808684375 0.6146546875000001 0.8010609375 0.630246875
0 0.6475703125 0.48715 0.6763281250000001 0.508978125 0.682565625 0.5017031249999999 0.69815625 0.5110578125 0.7068187499999999 0.49893124999999994 0.665934375 0.466015625 0.6475703125 0.48715
0 0.6257421875 0.507246875 0.6669734375 0.5405078125 0.6874156250000001 0.5217984375 0.6447984375 0.489921875 0.6257421875 0.507246875
0 0.489328125 0.5473625 0.531496875 0.5795109375 0.5410999999999999 0.5682375000000001 0.497678125 0.535671875 0.489328125 0.5473625
0 0.487240625 0.5686546875 0.51771875 0.5907828125 0.5252343749999999 0.5757531250000001 0.4972609375 0.5569640625 0.487240625 0.5686546875
0 0.47471406250000003 0.5782578125 0.50728125 0.6024734375 0.5185531250000001 0.5928718749999999 0.4855703125 0.5686546875 0.47471406250000003 0.5782578125
0 0.45039999999999997 0.47645312500000003 0.47609531250000003 0.4946546875 0.48715937499999995 0.4846609375 0.4600359375 0.46503281249999995 0.45039999999999997 0.47645312500000003
0 0.42684531249999996 0.47466875000000003 0.46610312499999995 0.5053609375 0.47252656249999997 0.49750937500000003 0.43398281250000004 0.4675296875 0.42684531249999996 0.47466875000000003
0 0.4132828125 0.48894374999999995 0.4511140625 0.5224921874999999 0.4614625 0.5089296875 0.4218484375 0.480378125 0.4132828125 0.48894374999999995
0 0.4011484375 0.5067890625 0.4407640625 0.5360546875 0.45075624999999997 0.525346875 0.410428125 0.49643906250000003 0.4011484375 0.5067890625
0 0.3790203125 0.433625 0.3736671875 0.4425484375 0.400078125 0.464675 0.409 0.4536109375 0.384375 0.43326875 0.3790203125 0.433625
0 0.3604625 0.45646718750000004 0.3911546875 0.4807359375 0.400078125 0.47002812499999996 0.3700984375 0.44790156249999996 0.3604625 0.45646718750000004
0 0.38508749999999997 0.42720156249999997 0.3957953125 0.43790781250000005 0.404003125 0.42613124999999996 0.3922265625 0.41899218749999995 0.38508749999999997 0.42720156249999997
0 0.3979359375 0.41399687500000004 0.4082859375 0.421490625 0.41792187500000005 0.4122125 0.40792968749999997 0.404003125 0.3979359375 0.41399687500000004
0 0.3957953125 0.36010624999999996 0.41471093750000004 0.34975625 0.4222046875 0.34190468749999997 0.4015046875 0.3062140625 0.3929390625 0.30835625 0.396509375 0.31585 0.372596875 0.3294125 0.3957953125 0.36010624999999996
0 0.369384375 0.2865859375 0.38687187500000003 0.303003125 0.4122125 0.27695 0.39186875 0.2666 0.369384375 0.2865859375
0 0.4117484375 0.27842968749999997 0.4439 0.30565000000000003 0.47026406249999997 0.2771421875 0.43897031249999996 0.25463749999999996 0.4117484375 0.27842968749999997
0 0.2538578125 0.389153125 0.28839375 0.34464843749999996 0.2424640625 0.314384375 0.20899687500000003 0.3528359375 0.2538578125 0.389153125
0 0.11456875 0.07304374999999999 0.1595953125 0.10756406249999999 0.16735 0.0975578125 0.12332343750000001 0.0655390625 0.11456875 0.07304374999999999
0 0.1128171875 0.1045625 0.1183203125 0.1008109375 0.097153821875 0.0845655625 0.09030468750000001 0.09330625000000001 0.120821875 0.120321875 0.126325 0.11506875000000001 0.1128171875 0.1045625
0 0.08255 0.0390234375 0.11531875 0.0637875 0.124825 0.05328125 0.09130468750000001 0.029267187500000003 0.08255 0.0390234375
0 0.0975578125 0.025015625000000003 0.12982812500000002 0.0492796875 0.140834375 0.036771874999999996 0.1073140625 0.0140078125 0.0975578125 0.025015625000000003
0 0.22638124999999998 0.20651875 0.24914843750000001 0.224384375 0.298178125 0.16835 0.27408125 0.1494546875 0.22638124999999998 0.20651875
0 0.9259203125000001 0.6642953125 0.9802921874999999 0.7074734375 0.9905265625 0.6943609375 0.935834375 0.6563 0.9259203125000001 0.6642953125
0 0.9323171875 0.6953203125 0.9681390625 0.719946875 0.9758140624999999 0.7093921875 0.9361546875 0.683165625 0.9323171875 0.6953203125
0 0.900653125 0.7266640625 0.935834375 0.7500109375 0.9444703125 0.7375375 0.908009375 0.7138703125 0.900653125 0.7266640625
0 0.8804296875000001 0.067628125 0.8924390624999999 0.0764765625 0.9196171874999999 0.0442421875 0.9069765625 0.0366578125 0.8804296875000001 0.067628125
0 0.9237249999999999 0.0461390625 0.8956 0.0783734375 0.903815625 0.0843765625 0.9354171875 0.050879687500000007 0.9246734375000001 0.0458234375 0.9237249999999999 0.0461390625
0 0.9107687500000001 0.08658906250000001 0.920565625 0.092909375 0.9477421874999999 0.060992187499999996 0.9379453124999999 0.055303124999999995 0.9107687500000001 0.08658906250000001
0 0.8022125000000001 0 0.7762374999999999 0.0009984375 0.8099546875 0.0242265625 0.8189453125 0.015984375000000002 0.8286859375000001 0.0202296875 0.8316828125000001 0.0172328125 0.8022125000000001 0
0 0.6568546875 0.038212499999999996 0.6693421875000001 0.025724999999999998 0.6441171875 0.007992187500000001 0.6343765625 0.0179828125 0.6568546875 0.038212499999999996
0 0.645865625 0.0052453125 0.6698421875 0.0244765625 0.6835796875 0.0114890625 0.6665953124999999 0 0.652109375 0.00025 0.6473640625 0.0032468749999999998 0.645865625 0.0052453125
0 0.9819578124999999 0.9156890625 0.993515625 0.9239078125000001 0.9984375 0.9087546874999999 0.990690625 0.900278125 0.9819578124999999 0.9156890625
0 0.9739953124999999 0.9704 0.9984375 0.9912046875 0.9984375 0.96783125 0.9809296875 0.9544750000000001 0.9739953124999999 0.9704