0 0.035917187499999996 0.8705609375 0.048593750000000005 0.8816499999999999 0.11980312500000001 0.8172406249999999 0.1033328125 0.8051125000000001 0.035917187499999996 0.8705609375
0 0.0537171875 0.8847421875 0.068221875 0.8940171875 0.1406203125 0.8153828125 0.1318609375 0.8082828125000001 0.0537171875 0.8847421875
0 0.59235625 0.5642484375000001 0.5980578125 0.5590499999999999 0.5871640625000001 0.55155625 0.5998640625 0.541828125 0.5682796875 0.5156515625 0.5564625000000001 0.5302687500000001 0.59235625 0.5642484375000001
0 0.635328125 0.4406 0.6247906249999999 0.4309453125 0.5767453125 0.475675 0.5771734375 0.4754546875 0.586975 0.48466875 0.635328125 0.4406
0 0.7619687500000001 0.3465765625 0.7572890625 0.3409234375 0.7530078125 0.34439375 0.79549375 0.3799546875 0.804840625 0.37209375 0.7664484375 0.3410515625 0.7619687500000001 0.3465765625
0 0.814190625 0.34155625 0.8207718749999999 0.3375859375 0.8204171875 0.32882656250000003 0.7551890625000001 0.3302171875 0.7548640625 0.34023125 0.814190625 0.34155625
0 0.824384375 0.3265921875 0.8252296875 0.31435 0.7856359375 0.31435 0.7856359375 0.3242171875 0.824384375 0.3265921875
0 0.8104953125 0.31036406250000004 0.8101125 0.2971703125 0.7901390625 0.29909375 0.79049375 0.309490625 0.8104953125 0.31036406250000004
0 0.8032578125000001 0.29129062499999997 0.8042609374999999 0.28114062500000003 0.7744125000000001 0.2817328125 0.7744265625 0.2916765625 0.8032578125000001 0.29129062499999997
0 0.8195828125 0.27561874999999997 0.8195828125 0.264596875 0.791984375 0.2660015625 0.7918921875 0.27595625 0.8195828125 0.27561874999999997
0 0.8366234374999999 0.262603125 0.836975 0.24992031250000002 0.8072437499999999 0.2519546875 0.8076109375 0.2605875 0.8366234374999999 0.262603125
0 0.392153125 0.026309375000000003 0.38858281250000004 0.030959375 0.40665625 0.047871875 0.411984375 0.0445765625 0.430596875 0.0608515625 0.44306093750000003 0.048335937499999995 0.44565312500000004 0.048335937499999995 0.45808906250000003 0.036225 0.44919374999999995 0.028429687500000002 0.43537499999999996 0.041215625 0.43325312499999996 0.039232812500000006 0.4379515625 0.034795312499999995 0.4274078125 0.026698437499999998 0.43773125 0.0196015625 0.41651249999999995 0.0019140625000000002 0.4086390625 0.0125921875 0.3983140625 0.003578125 0.38044375 0.019325000000000002 0.392153125 0.026309375000000003
0 0.3359125 0.1368375 0.3438296875 0.1298828125 0.33141875 0.11780312500000001 0.3244234375 0.124240625 0.3359125 0.1368375
0 0.2755203125 0.11485937500000001 0.288878125 0.1289578125 0.308396875 0.112253125 0.29329062499999997 0.0998 0.2755203125 0.11485937500000001
0 0.2677015625 0.130315625 0.28095781249999996 0.1429875 0.288878125 0.13574375 0.2749609375 0.12220468749999999 0.2677015625 0.130315625
0 0.28697343750000004 0.15445 0.29667656249999996 0.16479531249999999 0.32545625 0.14152343750000002 0.3073703125 0.12606875 0.3001328125 0.1330625 0.30299062499999996 0.1363546875 0.2962 0.1431546875 0.28697343750000004 0.15445
0 0.2234140625 0.0415578125 0.21566562500000003 0.050951562500000006 0.23116093750000002 0.06543750000000001 0.2412765625 0.0572515625 0.2234140625 0.0415578125
0 0.24486875000000002 0.05418437499999999 0.253484375 0.04575 0.2146859375 0.012778125000000001 0.20754062499999998 0.021682812500000002 0.24486875000000002 0.05418437499999999
0 0.2597859375 0.042834375 0.268621875 0.032590625 0.2300359375 0.0014500000000000001 0.22380312500000002 0.0108421875 0.2597859375 0.042834375
0 0.28169062500000003 0.0185 0.25401250000000003 0 0.23696875 0.0003875 0.27179375 0.0298203125 0.28169062500000003 0.0185
0 0.292615625 0.0209125 0.300365625 0.01155625 0.2898796875 0.0039265624999999995 0.281884375 0.0143265625 0.292615625 0.0209125
0 0.1659328125 0.0269234375 0.175521875 0.0186140625 0.1545796875 0.0010796875 0.1459953125 0.010198437500000001 0.1659328125 0.0269234375