0 0.6210375 0.4315828125 0.6636968750000001 0.455375 0.6699859375 0.445803125 0.62948125 0.42099374999999994 0.6210375 0.4315828125
0 0.6396328125 0.462484375 0.6494765625000001 0.47014218750000003 0.6538515625 0.4583828125 0.643734375 0.4537328125 0.6396328125 0.462484375
0 0.6166625 0.469321875 0.6382656250000001 0.4808078125 0.64646875 0.4734234375 0.6249671875 0.45890624999999996 0.6166625 0.469321875
0 0.58904375 0.45127187500000004 0.5991609375 0.4643984375 0.6114671875 0.45181875 0.5945765625 0.44687031250000003 0.58904375 0.45127187500000004
0 0.576190625 0.466859375 0.5967 0.4777984375 0.6040828125 0.468228125 0.5813375 0.4552953125 0.576190625 0.466859375
0 0.5833015625 0.488190625 0.5901375 0.47807187500000003 0.57345625 0.46521875 0.5732125 0.4655265625 0.5622453125 0.47424375 0.5833015625 0.488190625
0 0.6032625 0.477525 0.6251390625 0.49119843750000003 0.6344375 0.48190156249999994 0.6132328125 0.46973906249999997 0.6032625 0.477525
0 0.5573234375 0.48709687500000004 0.54365 0.49803593749999997 0.5704484375 0.509521875 0.583028125 0.4985828125 0.557265625 0.48628906250000004 0.5573234375 0.48709687500000004
0 0.566346875 0.512803125 0.5887703125 0.529484375 0.598340625 0.5188203125 0.5786515624999999 0.5035046875 0.566346875 0.512803125
0 0.5472046875000001 0.52675 0.5753703125 0.5404234375 0.5849421875 0.5308515625 0.55816875 0.5166796875 0.5472046875000001 0.52675
0 0.4669609375 0.1651328125 0.527015625 0.1129375 0.49360312500000003 0.088696875 0.48515625 0.0956671875 0.43289375 0.1391453125 0.4669609375 0.1651328125
0 0.3155578125 0.1217734375 0.363715625 0.1514421875 0.3820046875 0.133153125 0.33606250000000004 0.1039984375 0.3155578125 0.1217734375
0 0.3809265625 0.109803125 0.40795312499999997 0.1087875 0.4215671875 0.103096875 0.4158765625 0.07220937499999999 0.3814515625 0.0787328125 0.3809265625 0.109803125
0 0.36589062499999997 0.1258578125 0.408359375 0.12727968750000002 0.4059203125 0.1124453125 0.366025 0.1133890625 0.36589062499999997 0.1258578125
0 0.284175 0.046501562499999996 0.296546875 0.03046875 0.3209421875 0.047371875 0.341853125 0.030643749999999997 0.33157187499999996 0.0182703125 0.32076875 0.0261125 0.27879375 0 0.25350625 0.019839062499999997 0.284175 0.046501562499999996
0 0.53249375 0.0709140625 0.5485046875 0.055703125 0.5240875 0.037490625 0.53349375 0.028682812499999998 0.5611125 0.0509 0.5773234375 0.028682812499999998 0.53249375 0.00046249999999999997 0.488009375 0.000246875 0.462846875 0.02668125 0.53249375 0.0709140625
0 0.678896009375 0.23649727187499997 0.6463171875 0.2615328125 0.7053546875000001 0.30229062500000003 0.7337312500000001 0.2739125 0.678896009375 0.23649727187499997
0 0.94520625 0.2643203125 0.9984375 0.3030015625 0.9984375 0.27214218749999997 0.9657015624999999 0.2438234375 0.94520625 0.2643203125
0 0.0158796875 0.0995484375 0.048076562499999996 0.1203453125 0.0631734375 0.10155 0.042378125 0.0924046875 0.0158796875 0.0995484375