0 0.20801562499999998 0.578628125 0.24644062500000002 0.6114843750000001 0.26603750000000004 0.588428125 0.22626718750000002 0.5651796874999999 0.20801562499999998 0.578628125
0 0.145575 0.5830484375 0.18284687500000002 0.615134375 0.20263593750000003 0.590925 0.16384218749999999 0.5640609375000001 0.145575 0.5830484375
0 0.1025890625 0.6751 0.138128125 0.707315625 0.1596046875 0.6848156249999999 0.12238125 0.656384375 0.1025890625 0.6751
0 0.09875468750000001 0.6216609375 0.1194640625 0.6385359375 0.13940625 0.6139890625 0.11759843750000001 0.599275 0.09875468750000001 0.6216609375
0 0.1529578125 0.6687078125 0.17417812500000002 0.6891625 0.1918203125 0.6725421875 0.16401875 0.656946875 0.1529578125 0.6687078125
0 0.25744375 0.7258921875000001 0.29289062499999996 0.7594390625 0.3285765625 0.7237515625000001 0.29528906250000003 0.6958421875 0.25744375 0.7258921875000001
0 0.36131718749999997 0.7785 0.40289843750000004 0.80598125 0.44899843749999996 0.7602359375 0.4054234375 0.733284375 0.36131718749999997 0.7785
0 0.286675 0.8106296875 0.346696875 0.85546875 0.3823109375 0.8211171875 0.32554375 0.7815218749999999 0.286675 0.8106296875
0 0.047859374999999996 0.942028125 0.08764999999999999 0.9738625000000001 0.1094015625 0.9513125 0.06713593749999999 0.9165640625 0.047859374999999996 0.942028125
0 0.0123140625 0.9712093749999999 0.052634375 0.9984375 0.0722640625 0.9823515625000001 0.031412499999999996 0.9507828125 0.0123140625 0.9712093749999999
0 0.5587359375000001 0.5277421875 0.6032031250000001 0.56054375 0.617953125 0.542490625 0.57359375 0.5106437500000001 0.5587359375000001 0.5277421875
0 0.6600843750000001 0.919815625 0.6758484375 0.9355796875 0.6929484375 0.912334375 0.6759125 0.9037968749999999 0.6600843750000001 0.919815625
0 0.6363046875 0.945734375 0.6555421875 0.95268125 0.6683671875 0.932640625 0.6550374999999999 0.9252593750000001 0.6363046875 0.945734375
0 0.6659625 0.9548187499999999 0.68626875 0.9751265625000001 0.7036359375 0.955353125 0.6785578125 0.9361375000000001 0.6659625 0.9548187499999999
0 0.6790546875000001 0.9831421875 0.7068421875 0.9984375 0.7220718749999999 0.986615625 0.6959046875 0.9681843750000001 0.6790546875000001 0.9831421875
0 0.7175296875 0.9556203125 0.7343625 0.96898125 0.7471875 0.9561546875 0.730596875 0.9449578125 0.7175296875 0.9556203125
0 0.7041703125 0.9693859375 0.7207359375 0.9806078125000001 0.7287515625000001 0.9671109375 0.7161906250000001 0.95848125 0.7041703125 0.9693859375