0 0.64195 0.8587359375 0.6179781249999999 0.8838140624999999 0.6421046875 0.9074671875 0.674915625 0.8691375000000001 0.6563765625 0.85384375 0.64768125 0.864671875 0.64195 0.8587359375
0 0.6724375 0.822334375 0.685403125 0.8088171875000001 0.6768140625 0.8012546875 0.674303125 0.804528125 0.6543171875 0.7883 0.64680625 0.79994375 0.6724375 0.822334375
0 0.6849031250000001 0.8037453125 0.695903125 0.790990625 0.6711296875 0.77055 0.6624218749999999 0.7833203125 0.6849031250000001 0.8037453125
0 0.7248249999999999 0.8070984375 0.7350828125 0.7960890625 0.687875 0.7529984375 0.6790453125 0.7666968749999999 0.7248249999999999 0.8070984375
0 0.7414203125000001 0.78975625 0.752690625 0.7765875 0.7028484374999999 0.734059375 0.693653125 0.746546875 0.7414203125000001 0.78975625
0 0.96931875 0.9031859375 0.9629421875 0.9102656250000001 0.9951109375 0.93786875 0.9984375 0.9266328125 0.9984375 0.8719859375000001 0.9772828125 0.8539046875 0.949496875 0.8851265625 0.96931875 0.9031859375
0 0.41010468749999995 0.55336875 0.4206796875 0.54190625 0.3628515625 0.484409375 0.3538421875 0.49592656249999995 0.41010468749999995 0.55336875
0 0.4258078125 0.53725 0.43708437499999997 0.5259828125 0.38029375 0.468009375 0.37098437500000003 0.48009375 0.4258078125 0.53725
0 0.2799640625 0.454940625 0.29165312499999996 0.44261875 0.2540859375 0.4071140625 0.253428125 0.40747343750000004 0.2444734375 0.418640625 0.2799640625 0.454940625
0 0.2973390625 0.43697656250000005 0.313853125 0.4190171875 0.27775 0.3858796875 0.26182343750000003 0.40448593749999995 0.2973390625 0.43697656250000005
0 0.3255125 0.4204171875 0.3571125 0.38760625000000004 0.3471484375 0.3775078125 0.3438453125 0.3808390625 0.3349421875 0.371496875 0.3327734375 0.37329375 0.3192890625 0.3617546875 0.2978484375 0.3863828125 0.3255125 0.4204171875
0 0.0001203125 0.1647875 0.0278515625 0.1918390625 0.065221875 0.15653125 0.0002515625 0.09348125 0.0001203125 0.1647875
0 0.2631640625 0.1853984375 0.312846875 0.134278125 0.290725 0.11373124999999999 0.24355156249999999 0.166578125 0.2631640625 0.1853984375
0 0.7171125 0.2693515625 0.7682078125 0.21387031250000002 0.712965625 0.1606921875 0.6622203125 0.21484999999999999 0.7171125 0.2693515625
0 0.7270421875 0.14797031249999998 0.778025 0.094025 0.7225890625 0.041953125 0.6745640625 0.09363906250000001 0.7270421875 0.14797031249999998
0 0.7611453125 0 0.7537265625 0.004200000000000001 0.797671875 0.0441625 0.8097843749999999 0.0334109375 0.7718203124999999 0 0.7611453125 0
0 0.8287640625 0.013653124999999999 0.8094187500000001 0 0.788546875 0.000017187499999999998 0.818321875 0.0251140625 0.8287640625 0.013653124999999999