0 0.23033437499999998 0.431084375 0.25727656250000003 0.4184046875 0.239315625 0.3993875 0.2134296875 0.4062546875 0.23033437499999998 0.431084375
0 0.19018437500000002 0.5029312499999999 0.24407031250000003 0.4870828125 0.2350890625 0.4596125 0.1759203125 0.4781015625 0.19018437500000002 0.5029312499999999
0 0.1838453125 0.5087421875 0.192825 0.5351578124999999 0.279465625 0.5039875 0.2588625 0.4796875 0.18173125 0.5055734375000001 0.1838453125 0.5087421875
0 0.26890000000000003 0.490253125 0.2974265625 0.4796875 0.28105 0.453271875 0.2546359375 0.460140625 0.26890000000000003 0.490253125
0 0.0137359375 0.432140625 0.024301562500000002 0.440065625 0.021131249999999997 0.4442921875 0.0274703125 0.45274374999999994 0.040678124999999996 0.4368953125 0.015320312499999999 0.42474531249999997 0.0137359375 0.432140625
0 0.0454328125 0.513496875 0.058640625 0.4944796875 0.020075000000000003 0.4659515625 0.006867187499999999 0.4844421875 0.0454328125 0.513496875
0 0.651871875 0.693059375 0.69464375 0.719196875 0.7021671875 0.702959375 0.659 0.6756328125 0.651871875 0.693059375
0 0.6459312500000001 0.7053359375 0.6875140625 0.73583125 0.6954343749999999 0.7199890625 0.6526640625 0.6918703125000001 0.6459312500000001 0.7053359375
0 0.7009796875000001 0.7176125 0.6950390625 0.7287015625000001 0.713653125 0.7362265625 0.7168203125 0.7247421875 0.7053359375 0.7180093750000001 0.7009796875000001 0.7176125
0 0.8098890624999999 0.69701875 0.8304828125 0.6586046875 0.8209781250000001 0.648703125 0.79444375 0.6815734375 0.8098890624999999 0.69701875
0 0.8114734374999999 0.7005828125 0.8261265625 0.7116718750000001 0.84315625 0.6875140625 0.8364234375 0.6831578125 0.842759375 0.6696921875 0.834046875 0.663753125 0.8114734374999999 0.7005828125
0 0.79444375 0.7112765624999999 0.8011765625 0.7041484375 0.7877109375 0.6918703125000001 0.7801859375 0.6982078125 0.79444375 0.7112765624999999
0 0.92355 0.7492953124999999 0.9433515625 0.713653125 0.9104812499999999 0.6906828125 0.890284375 0.7215734375 0.92355 0.7492953124999999
0 0.9541625 0.8363390624999999 0.9690828125 0.8203890625 0.9536484375000001 0.8041812500000001 0.9389843750000001 0.8239906250000001 0.9541625 0.8363390624999999
0 0.9479875 0.7938921875 0.9881203125000001 0.8275921875 0.9984375 0.81344375 0.9984375 0.7738265625 0.9780875 0.7560749999999999 0.9521046875 0.7910625 0.9479875 0.7938921875
0 0.9135156249999999 0.7635359375 0.9492749999999999 0.7895187499999999 0.9559625 0.7789703125 0.919690625 0.751959375 0.9153171875 0.7609625 0.9135156249999999 0.7635359375