0 0.27210625 0.86150625 0.28966875000000003 0.8749687500000001 0.3312015625 0.8203609374999999 0.31749375 0.806915625 0.27210625 0.86150625
0 0.2951484375 0.8792890625 0.3092875 0.89386875 0.356334375 0.8425921875 0.340003125 0.8273093749999999 0.2951484375 0.8792890625
0 0.264096875 0.70265625 0.25720624999999997 0.7184984375 0.28350624999999996 0.7422203125 0.293684375 0.7294828125 0.2644984375 0.7013140625000001 0.264096875 0.70265625
0 0.2367609375 0.742528125 0.24719375000000002 0.752271875 0.25762968750000004 0.7417312500000001 0.243665625 0.728196875 0.2367609375 0.742528125
0 0.25354375 0.759575 0.26259062499999997 0.7665859375 0.2727203125 0.7524140625 0.259403125 0.7434671875000001 0.25354375 0.759575
0 0.21446874999999999 0.7651578125 0.22803281250000002 0.7745453125 0.2373984375 0.7627734375 0.22335312499999999 0.7527328125 0.21446874999999999 0.7651578125
0 0.23298281250000002 0.78145625 0.24434218749999997 0.78965 0.252096875 0.7791187500000001 0.23855624999999997 0.767715625 0.23298281250000002 0.78145625
0 0.196840625 0.788134375 0.2084890625 0.800140625 0.2154921875 0.787425 0.203246875 0.777053125 0.196840625 0.788134375
0 0.211215625 0.8064015625 0.2237015625 0.8146359375 0.233471875 0.801090625 0.21840781250000002 0.7900921875 0.211215625 0.8064015625
0 0.1759109375 0.81441875 0.186765625 0.8241375 0.198265625 0.8131359375 0.182971875 0.7999796875 0.1759109375 0.81441875
0 0.1929796875 0.7467703125 0.2079875 0.7271484375 0.154715625 0.6846375 0.1437546875 0.7026890625 0.1929796875 0.7467703125
0 0.131646875 0.7185937499999999 0.1514875 0.740303125 0.16199531250000002 0.728071875 0.1394296875 0.7077984374999999 0.131646875 0.7185937499999999
0 0.10182031250000001 0.7540109375 0.114140625 0.763940625 0.12664999999999998 0.7502265625 0.1139515625 0.7379078125 0.10182031250000001 0.7540109375
0 0.1373515625 0.7869390625 0.147578125 0.7991453125 0.15660000000000002 0.7842546875 0.14406093749999999 0.7731125 0.1373515625 0.7869390625
0 0.153059375 0.7695609375 0.16828125 0.78144375 0.1756515625 0.770440625 0.159346875 0.7555109375 0.153059375 0.7695609375
0 0.129174259375 0.7249969203125 0.119584375 0.7356374999999999 0.130125 0.7452765625 0.1383125 0.7346328125 0.129174259375 0.7249969203125
0 0.16804531250000002 0.7547671874999999 0.1796625 0.7620843749999999 0.188453125 0.7520921875 0.1774125 0.7420765625 0.16804531250000002 0.7547671874999999
0 0.27700468749999996 0.306159375 0.2784015625 0.32914374999999996 0.2626046875 0.331071875 0.264678125 0.362521875 0.3430640625 0.3642609375 0.3428078125 0.33934375 0.3102640625 0.3383578125 0.307728125 0.30525 0.27700468749999996 0.306159375
0 0.36485625 0.24688125 0.3961578125 0.20948906250000002 0.3752640625 0.18923281249999999 0.38585625 0.1769125 0.352728125 0.15263906249999998 0.313178125 0.200196875 0.36485625 0.24688125
0 0.817478125 0.1448171875 0.82900625 0.13050625 0.8580640624999999 0.1519515625 0.8930093749999999 0.10988437499999999 0.8815375 0.09938749999999999 0.8854218749999999 0.09355625 0.8436421875000001 0.058128124999999996 0.793009375 0.12468593750000001 0.817478125 0.1448171875
0 0.950975 0.187390625 0.9647046874999999 0.168803125 0.9160953125000001 0.12599375 0.901990625 0.14326406249999998 0.950975 0.187390625
0 0.834325 0.221675 0.888796875 0.264153125 0.9478234375 0.1936921875 0.8937984374999999 0.1509265625 0.834325 0.221675