0 0.03149375 0.8824890625 0.0674875 0.91976875 0.1349765625 0.8612781249999999 0.0931984375 0.8265703125 0.03149375 0.8824890625
0 0.1150515625 0.921696875 0.1330484375 0.9390499999999999 0.1632578125 0.9120546875000001 0.17996875 0.8979140624999999 0.15940000000000001 0.8824890625 0.1150515625 0.921696875
0 0.182853125 0.9424812499999999 0.1914640625 0.9505437499999999 0.20117500000000002 0.9421156249999999 0.191221875 0.9339812500000001 0.182853125 0.9424812499999999
0 0.196228125 0.92855625 0.20502343750000002 0.936984375 0.21381718749999998 0.9272734375 0.2048390625 0.920678125 0.196228125 0.92855625
0 0.2024578125 0.943946875 0.2088703125 0.94999375 0.224078125 0.9360687499999999 0.21821406250000003 0.93020625 0.2024578125 0.943946875
0 0.1685625 0.9553062499999999 0.1984265625 0.9802250000000001 0.2083203125 0.9699640625000001 0.17845625 0.945596875 0.1685625 0.9553062499999999
0 0.1553703125 0.968315625 0.187434375 0.9926828125 0.1964109375 0.9833390625 0.1643484375 0.9587875 0.1553703125 0.968315625
0 0.141628125 0.9793078124999999 0.165446875 0.9984375 0.1696609375 0.9984375 0.1751578125 0.9984375 0.1846859375 0.9970812499999999 0.1495078125 0.9710640625 0.141628125 0.9793078124999999
0 0.247315625 0.9832828125 0.25329687500000003 0.9883656249999999 0.2556890625 0.996440625 0.274828125 0.9802921874999999 0.26077343750000004 0.9671328125 0.247315625 0.9832828125
0 0.2547921875 0.9984375 0.24253125 0.9901609375 0.23625156249999998 0.9973375000000001 0.2547921875 0.9984375
0 0.2674546875 0.8863265625000001 0.2954421875 0.8940234374999999 0.3071625 0.8590390625 0.2826734375 0.8518671875000001 0.2674546875 0.8863265625000001
0 0.4213578125 0.51019375 0.34664843749999996 0.571590625 0.3917453125 0.6096234375 0.46292343750000003 0.542521875 0.424346875 0.5123671875 0.4213578125 0.51019375
0 0.41594218749999995 0.4171984375 0.4362875 0.43277031250000003 0.44306875 0.4227234375 0.42372812499999996 0.408909375 0.41594218749999995 0.4171984375
0 0.4307609375 0.4046390625 0.44984999999999997 0.41945781249999997 0.462409375 0.404890625 0.44332031250000004 0.3910765625 0.4307609375 0.4046390625
0 0.4523625 0.4232265625 0.47245625 0.43905000000000005 0.48576874999999997 0.424984375 0.46341406249999995 0.40840624999999997 0.4523625 0.4232265625
0 0.463915625 0.47245625 0.495815625 0.49656874999999995 0.5023453124999999 0.48878281250000005 0.4684375 0.4649203125 0.463915625 0.47245625
0 0.473209375 0.4578875 0.5025968749999999 0.4830046875 0.5146531249999999 0.46969374999999997 0.5149046875 0.469190625 0.48275468750000006 0.4445765625 0.473209375 0.4578875
0 0.49481093749999994 0.43729218750000004 0.5131453125000001 0.45110625000000004 0.521434375 0.43980312499999996 0.50209375 0.42699375 0.49481093749999994 0.43729218750000004
0 0.5151546875 0.45361874999999996 0.530225 0.46366562499999997 0.537509375 0.45286406250000005 0.523946875 0.443821875 0.5151546875 0.45361874999999996
0 0.522690625 0.3986109375 0.508625 0.41418437499999994 0.5269609375 0.42774687499999997 0.54203125 0.41368124999999994 0.5221875 0.40036875 0.522690625 0.3986109375
0 0.52620625 0.43678906250000005 0.54479375 0.4523625 0.5583578124999999 0.4393015625 0.5591109375000001 0.43905000000000005 0.55810625 0.4393015625 0.5370078125 0.4234765625 0.52620625 0.43678906250000005
0 0.5450453125 0.406396875 0.5565984375 0.4151890625 0.5671484375 0.4069 0.5525796875 0.39735468749999997 0.5450453125 0.406396875
0 0.522690625 0.34661875000000003 0.5510734375 0.3692234375 0.56363125 0.35540937499999997 0.5327375 0.3295390625 0.522690625 0.34661875000000003
0 0.5405234375 0.378265625 0.5764421875 0.4069 0.5847296875 0.39760625 0.5488125 0.369978125 0.5405234375 0.378265625
0 0.578953125 0.3709828125 0.572171875 0.3790203125 0.5874937499999999 0.3910765625 0.5952796874999999 0.38203437500000004 0.5787015625 0.37073125 0.578953125 0.3709828125
0 0.6048234375 0.38856406250000003 0.6126109375000001 0.3953453125 0.6279312499999999 0.38253593750000003 0.6166296874999999 0.3737453125 0.6048234375 0.38856406250000003
0 0.511890625 0.36419999999999997 0.5224390624999999 0.3717359375 0.5297234375000001 0.3624421875 0.5184203125 0.3549078125 0.511890625 0.36419999999999997
0 0.5975406249999999 0.3930859375 0.5882468750000001 0.401625 0.5975406249999999 0.40790468750000003 0.6075875 0.3991140625 0.5975406249999999 0.39283437499999996 0.5975406249999999 0.3930859375
0 0.649725 0.5429296875 0.6972609375000001 0.5821515625 0.7085578124999999 0.572346875 0.6595296875 0.5341890625 0.649725 0.5429296875
0 0.637703125 0.553928125 0.6852375 0.5931515625 0.6965359375 0.5833453125 0.6475078125 0.5451890625 0.637703125 0.553928125
0 0.6239 0.5659484375 0.671434375 0.605171875 0.6827328125000001 0.595365625 0.6337046875000001 0.557209375 0.6239 0.5659484375
0 0.61073125 0.576575 0.6582656250000001 0.6157984375 0.6695640625 0.6059921875 0.6205359374999999 0.5678359375 0.61073125 0.576575
0 0.7499734375 0.5097968749999999 0.7608703125 0.5169828125 0.7750109375 0.50330625 0.764115625 0.49449531249999995 0.7499734375 0.5097968749999999
0 0.734440625 0.52579375 0.7437140624999999 0.535065625 0.7571609375 0.5202296875 0.7458015625 0.5118828125 0.734440625 0.52579375
0 0.806996875 0.5286140625 0.8648624999999999 0.5724046875 0.8767875 0.5598921875 0.8208765625 0.51649375 0.806996875 0.5286140625
0 0.8924265625000001 0.5657578125 0.8507875 0.6093531249999999 0.87600625 0.6349625 0.9231203125 0.589021875 0.8951640624999999 0.5665390625 0.8924265625000001 0.5657578125
0 0.738903125 0.6283875 0.7368484375000001 0.6393484375 0.7891375 0.63820625 0.78868125 0.625190625 0.7407296875 0.627703125 0.738903125 0.6283875
0 0.7331953125 0.6530484375000001 0.7879968749999999 0.6500796875 0.7902796875 0.6395765625000001 0.7343359375 0.642315625 0.7331953125 0.6530484375000001
0 0.732053125 0.667890625 0.7898234375000001 0.66560625 0.7875390624999999 0.6528203125 0.732509375 0.654646875 0.732053125 0.667890625
0 0.738903125 0.6786218749999999 0.7905078125 0.6779375 0.788453125 0.667890625 0.7398171875 0.6688031249999999 0.738903125 0.6786218749999999
0 0.137171875 0.45761250000000003 0.14415625 0.4654359375 0.1542140625 0.4564953125 0.128790625 0.433865625 0.11901250000000001 0.441409375 0.137171875 0.45761250000000003
0 0.1253984375 0.46846875 0.1323828125 0.476290625 0.14244062500000002 0.46735156250000004 0.11701718750000001 0.44472187500000004 0.1072390625 0.452265625 0.1253984375 0.46846875
0 0.1125078125 0.4790453125 0.11949218749999999 0.4868671875 0.12955 0.47792812500000004 0.1041265625 0.45529843750000004 0.09434843750000001 0.4628421875 0.1125078125 0.4790453125
0 0.156728125 0.2905484375 0.1648296875 0.2849609375 0.14695 0.2695953125 0.137171875 0.2760203125 0.156728125 0.2905484375
0 0.1268359375 0.2857984375 0.1525375 0.309825 0.1620359375 0.3003265625 0.1360546875 0.2774171875 0.1268359375 0.2857984375
0 0.11426406250000001 0.2964140625 0.14974375 0.32547031249999997 0.1584046875 0.3170890625 0.1234828125 0.288871875 0.11426406250000001 0.2964140625
0 0.10332812499999999 0.30615312499999997 0.13880937499999998 0.3352078125 0.14746874999999998 0.32682656250000003 0.112546875 0.298609375 0.10332812499999999 0.30615312499999997
0 0.09179375 0.314734375 0.127275 0.3437890625 0.1359359375 0.3354078125 0.1010140625 0.307190625 0.09179375 0.314734375
0 0.0708015625 0.33089843750000003 0.11538124999999999 0.367375 0.1248796875 0.3592734375 0.0800203125 0.3233546875 0.0708015625 0.33089843750000003
0 0.0838125 0.36961093749999996 0.0919140625 0.36095 0.06593281250000001 0.3386 0.058668750000000006 0.346421875 0.0838125 0.36961093749999996
0 0.07151874999999999 0.3802265625 0.0801796875 0.3704484375 0.05308125 0.350334375 0.0466546875 0.356759375 0.07151874999999999 0.3802265625
0 0.09917812499999999 0.381065625 0.1078375 0.3746390625 0.09861875 0.3657 0.0885609375 0.372684375 0.09917812499999999 0.381065625
0 0.08632656250000001 0.39056406250000003 0.09582500000000001 0.385534375 0.0857671875 0.37519843750000004 0.07710625 0.381903125 0.08632656250000001 0.39056406250000003
0 0.47997500000000004 0 0.45859843749999996 0.0007453125 0.46829375000000006 0.00969375 0.47997500000000004 0
0 0.5085609375 0 0.48544375000000006 0.0007453125 0.5045828125 0.01839375 0.5177578125 0.0057171875 0.509803125 0 0.5085609375 0
0 0.485940625 0.033556249999999996 0.49787187499999996 0.021128125 0.47898125 0.0057171875 0.4668015625 0.017151562500000002 0.485940625 0.033556249999999996
0 0.9090875 0 0.8172375000000001 0.0007421875 0.8635343750000001 0.0396109375 0.9090875 0
0 0.716228125 0.0594171875 0.7243984375 0.0505046875 0.7088015624999999 0.03886875 0.699640625 0.046790625 0.716228125 0.0594171875
0 0.8854671875 0.35870156249999996 0.9529156249999999 0.3676203125 0.9534734374999999 0.3553578125 0.8899265625 0.347275 0.8854671875 0.35870156249999996
0 0.8524921875 0.93214375 0.8932343749999999 0.9662796874999999 0.9079171875000001 0.9525140625 0.86570625 0.9194796875 0.8524921875 0.93214375
0 0.8416640624999999 0.9448062500000001 0.881671875 0.9771078125000001 0.8919499999999999 0.9675640624999999 0.85010625 0.9345296875000001 0.8416640624999999 0.9448062500000001