0 0.2721296875 0.4920296875 0.3070703125 0.511815625 0.31506875 0.5008703125 0.3032828125 0.4945546875 0.3058078125 0.489503125 0.2839171875 0.4739265625 0.2721296875 0.4920296875
0 0.267078125 0.5214984375 0.299071875 0.542128125 0.3087546875 0.5261296875 0.27793437499999996 0.5017234375 0.267078125 0.5214984375
0 0.30479375000000003 0.627615625 0.3366265625 0.6480312500000001 0.34804375 0.635575 0.3171515625 0.6141671875 0.30479375000000003 0.627615625
0 0.2878390625 0.641803125 0.32589999999999997 0.6691390625 0.33455 0.652184375 0.2973546875 0.629015625 0.2878390625 0.641803125
0 0.27261406250000003 0.6632578125 0.3051390625 0.6847109375 0.319671875 0.6694859375 0.2836484375 0.6450078125 0.27261406250000003 0.6632578125
0 0.2043734375 0.687596875 0.2600796875 0.7273890625 0.2763421875 0.7059359374999999 0.22158906250000002 0.6716578125 0.2043734375 0.687596875
0 0.239665625 0.74884375 0.25973437499999996 0.7291203125 0.204075 0.688790625 0.1839578125 0.706628125 0.239665625 0.74884375
0 0.456278125 0.913734375 0.4773296875 0.930453125 0.49002187499999994 0.9109484374999999 0.466684375 0.89661875 0.456278125 0.913734375
0 0.48321249999999993 0.9366453124999999 0.518503125 0.961103125 0.532125 0.94066875 0.4956390625 0.915353125 0.48321249999999993 0.9366453124999999
0 0.524496875 0.8311171875 0.55390625 0.8515515625000001 0.5786718750000001 0.8215203125 0.5480984375 0.8026 0.524496875 0.8311171875
0 0.594453125 0.8886296874999999 0.63384375 0.9175015625 0.6568421875 0.8900984375000001 0.6183921875 0.8623328125 0.594453125 0.8886296874999999
0 0.586134375 0.8076421874999999 0.639959375 0.8475250000000001 0.6497468750000001 0.8389609374999999 0.5936234375 0.7993359375 0.586134375 0.8076421874999999
0 0.5739015625 0.8201203125 0.62895 0.8604921875 0.6392265625 0.8494828125 0.5863546875 0.81064375 0.5739015625 0.8201203125
0 0.8967437500000001 0.5724375 0.9226812499999999 0.5936375 0.93365625 0.5809171875 0.905378125 0.5609875 0.8967437500000001 0.5724375
0 0.881778125 0.587403125 0.9094625000000001 0.6086031249999999 0.9199390624999999 0.59663125 0.8902828125 0.5755328125 0.881778125 0.587403125
0 0.926921875 0.595384375 0.9590953125 0.61833125 0.969321875 0.6053609375 0.9374874999999999 0.5856874999999999 0.926921875 0.595384375
0 0.9142015625000001 0.6135921875 0.9436328125 0.6365390625 0.9536078124999999 0.622571875 0.9232156249999999 0.6016046875 0.9142015625000001 0.6135921875
0 0.9511140625 0.57468125 0.9783 0.597878125 0.9827890625 0.5854078125 0.957246875 0.565378125 0.9511140625 0.57468125
0 0.9156984375 0.551734375 0.9438812499999999 0.5699421874999999 0.9503656250000001 0.5614625 0.9210203124999999 0.5417765625000001 0.9156984375 0.551734375
0 0.953109375 0.545 0.9940125 0.5734343749999999 0.9984375 0.56445625 0.95889375 0.5373859375000001 0.953109375 0.545
0 0.9763046875000001 0.5407609375 0.9984375 0.5584687500000001 0.9984375 0.5442515625000001 0.982040625 0.5337765625 0.9763046875000001 0.5407609375
0 0.8353531249999999 0.3264515625 0.8087937500000001 0.35478437500000004 0.832165625 0.3742640625 0.8906000000000001 0.30839062500000003 0.8477484375 0.2761609375 0.8183296875 0.31218124999999997 0.8353531249999999 0.3264515625
0 0.42032499999999995 0.0486484375 0.4935875 0.09968125 0.5041578125 0.08619375 0.43276250000000005 0.0369484375 0.42032499999999995 0.0486484375
0 0.434540625 0.0344328125 0.5063453124999999 0.08364218749999999 0.5212890625 0.0672390625 0.44880624999999996 0.0184984375 0.434540625 0.0344328125
0 0.4524 0.016207812499999998 0.4790078125 0.0326109375 0.4924953125 0.014020312500000002 0.46565 0.0008515625000000001 0.4524 0.016207812499999998
0 0.514728125 0.085465625 0.5365984375 0.1004109375 0.5464390625 0.08874531249999999 0.523840625 0.0690625 0.514728125 0.085465625
0 0.5267578125 0.0694265625 0.55045 0.0847359375 0.557009375 0.0774453125 0.5350359375 0.0614140625 0.5267578125 0.0694265625
0 0.6084453125 0.0130109375 0.587396875 0 0.5774078125 0.00581875 0.59813125 0.0220625 0.6084453125 0.0130109375
0 0.6179171875 0.0035390625 0.6113921875 0.00038124999999999997 0.5952421875 0.0011859375 0.61055 0.0128 0.6179171875 0.0035390625
0 0.0006265625000000001 0.44734375000000004 0.0473296875 0.48308125 0.08230937499999999 0.44507343749999995 0.04751875 0.419546875 0.027464062500000004 0.43777968749999996 0.01461875 0.429946875 0.0006265625000000001 0.44734375000000004
0 0.0985703125 0.42692031249999995 0.1165328125 0.40820156250000006 0.07323437499999999 0.37889062500000004 0.060187500000000005 0.3923171875 0.0985703125 0.42692031249999995
0 0.4742875 0.8817765625 0.4959296875 0.8978078125 0.502609375 0.8860515625 0.49218906249999994 0.88070625 0.499403125 0.867346875 0.4900515625 0.8617359375 0.4742875 0.8817765625
0 0.47757187500000003 0.7445109375000001 0.49899843749999995 0.7612296875 0.5173640625 0.7412140625 0.494590625 0.7259828125000001 0.47757187500000003 0.7445109375000001
0 0.5006468749999999 0.7188453124999999 0.5246625 0.7350921875 0.5404375 0.7188453124999999 0.514021875 0.7034421875 0.5006468749999999 0.7188453124999999
0 0.5065328124999999 0.683525 0.5432640625 0.70730625 0.5552718750000001 0.69365 0.5192046875 0.6692437499999999 0.5065328124999999 0.683525
0 0.5241921875 0.751103125 0.5324328125 0.7593453125 0.551975 0.7386234375 0.5386359374999999 0.7303875 0.5241921875 0.751103125
0 0.3968171875 0.10833593749999999 0.46526562499999996 0.1568828125 0.472790625 0.14887343749999998 0.4030359375 0.099121875 0.3968171875 0.10833593749999999
0 0.3892921875 0.12484218750000001 0.4458484375 0.1636796875 0.453615625 0.1554265625 0.39555625 0.116215625 0.3892921875 0.12484218750000001
0 0.3642921875 0.1284828125 0.432740625 0.17678750000000001 0.441721875 0.1675640625 0.3728546875 0.1194203125 0.3642921875 0.1284828125
0 0.355553125 0.145475 0.3686609375 0.150815625 0.37570000000000003 0.1428046875 0.3627046875 0.13571249999999999 0.355553125 0.145475
0 0.3456015625 0.1568828125 0.35798125000000003 0.1639234375 0.3652625 0.1554265625 0.3514875 0.147196875 0.3456015625 0.1568828125
0 0.33249375 0.16950625 0.345115625 0.1772734375 0.3528828125 0.168778125 0.3392015625 0.1600171875 0.33249375 0.16950625
0 0.31987187499999997 0.1826140625 0.332009375 0.19135312499999999 0.34026093749999997 0.18067187499999998 0.32611406249999997 0.17203593749999999 0.31987187499999997 0.1826140625