0 0.20106875 0.8218734375000001 0.22240156249999998 0.789340625 0.194134375 0.768540625 0.166934375 0.797340625 0.20106875 0.8218734375000001
0 0.195734375 0.768540625 0.2149359375 0.7413406250000001 0.1872015625 0.7173390625 0.1776015625 0.7189390625 0.16533437499999998 0.7402734375 0.195734375 0.768540625
0 0.24106875 0.7434734375 0.2576015625 0.7210734375000001 0.2613359375 0.7242734375000001 0.2432015625 0.7482734375 0.265603125 0.763740625 0.286403125 0.7370734375 0.276803125 0.7306734374999999 0.29653593749999996 0.7050734375000001 0.26986875 0.6874734375 0.25066875 0.7109390624999999 0.23200156249999998 0.6933390625 0.21386875 0.72000625 0.24106875 0.7434734375
0 0.31946875 0.620271875 0.3285359375 0.607471875 0.2325359375 0.5280046875 0.22506875 0.5392046875000001 0.31946875 0.620271875
0 0.29066875 0.6293390624999999 0.2997359375 0.6165390625 0.23093593750000002 0.5605390625 0.22240156249999998 0.5701390625 0.29066875 0.6293390624999999
0 0.3439890625 0.410803125 0.341628125 0.39781875 0.3274625 0.39994375 0.32958750000000003 0.4126921875 0.3439890625 0.410803125
0 0.334309375 0.4285109375 0.33714218749999997 0.44362031249999995 0.3423359375 0.4448015625 0.3439890625 0.4632171875 0.36004375 0.46274375 0.359334375 0.44527343750000004 0.36618125 0.442440625 0.36169531250000003 0.42544062499999996 0.3808203125 0.42496875 0.37775 0.4063171875 0.3513078125 0.4105671875 0.3543765625 0.42496875 0.334309375 0.4285109375
0 0.39781875 0.4410234375 0.393096875 0.42190000000000005 0.3673625 0.4263859375 0.3697234375 0.44196875 0.39781875 0.4410234375
0 0.3848328125 0.45825781250000003 0.3791671875 0.4440921875 0.3659453125 0.447634375 0.36665468749999997 0.46557812500000006 0.3848328125 0.45825781250000003
0 0.44860156250000005 0.36849375 0.44202812500000005 0.379175 0.4946125 0.423953125 0.5130984375 0.39745625 0.44798593750000004 0.3471328125 0.440590625 0.3590453125 0.44860156250000005 0.36849375
0 0.4728390625 0.4502453125 0.4919421875 0.42785624999999994 0.44552031249999996 0.3886234375 0.42518593750000006 0.41409375 0.4728390625 0.4502453125
0 0.5403796875 0.23360468750000002 0.5321140625 0.2187765625 0.49978437500000006 0.22363906249999999 0.5024578125 0.23360468750000002 0.5403796875 0.23360468750000002
0 0.5345453124999999 0.2518359375 0.538434375 0.23749531250000003 0.5080484375000001 0.238709375 0.5080484375000001 0.24940625 0.5345453124999999 0.2518359375
0 0.54864375 0.23044531250000003 0.5527765625 0.217075 0.5367328125 0.2054078125 0.5323578125 0.213671875 0.54864375 0.23044531250000003
0 0.558125 0.21513125 0.563959375 0.20735156250000003 0.549859375 0.1971421875 0.545240625 0.20565000000000003 0.558125 0.21513125
0 0.7669343750000001 0.194225 0.7528359375 0.21221406250000002 0.7312015625 0.1947109375 0.6901203125 0.25135 0.7564828125 0.3026421875 0.8281921875 0.2063796875 0.7623171875 0.15630468749999998 0.7460296875 0.1764796875 0.7669343750000001 0.194225
0 0.9697546875 0.8514828124999999 0.9806671874999999 0.838459375 0.9461703124999999 0.8078359374999999 0.9697546875 0.770875 0.9306828125 0.7402515625 0.9289234375 0.7434203125 0.8972421875000001 0.7891796875 0.9697546875 0.8514828124999999
0 0.9984375 0.9651781250000001 0.9984375 0.9004109375 0.9877062499999999 0.885275 0.9560265625 0.9320906250000001 0.9984375 0.9651781250000001
0 0 0.352853125 0.0393671875 0.3771546875 0.0743609375 0.3212609375 0.024301562500000002 0.29015625 0 0.33098125 0 0.352853125
0 0.1001203125 0.29841875 0.11858906250000001 0.2741171875 0.079221875 0.2444703125 0.061724999999999995 0.2677984375 0.1001203125 0.29841875
0 0.120534375 0.2687703125 0.1351140625 0.251759375 0.09914843749999999 0.2235703125 0.0826234375 0.2420390625 0.120534375 0.2687703125
0 0 0.9984375 0.0602984375 0.9984375 0.06225937499999999 0.9789875 0.046571875 0.977515625 0.038728125 0.9711437500000001 0 0.9608484374999999 0 0.9984375