0 0.23751562499999998 0.9921828125 0.248371875 0.9984375 0.2692140625 0.9984375 0.2778984375 0.9926171874999999 0.2587921875 0.9735109375000001 0.24055468750000003 0.9908796875 0.23751562499999998 0.9921828125
0 0.29526718750000003 0.9984375 0.3039515625 0.9984375 0.3200171875 0.9947874999999999 0.2778984375 0.9583140625000001 0.26313437500000003 0.9713406250000001 0.29526718750000003 0.9984375
0 0.3200171875 0.9900109374999999 0.3347796875 0.9782875000000001 0.2922265625 0.9452875000000001 0.2848453125 0.9578796875 0.3200171875 0.9900109374999999
0 0.3378203125 0.8193640625 0.37603125 0.8501937500000001 0.38992499999999997 0.8402062499999999 0.38775468750000003 0.8367328125 0.35171406250000004 0.8072062499999999 0.3378203125 0.8193640625
0 0.3586625 0.8632203125 0.37255625000000003 0.8554046874999999 0.3339109375 0.824575 0.323490625 0.8354312500000001 0.3586625 0.8632203125
0 0.30438437500000004 0.8480234375 0.34042500000000003 0.8797203124999999 0.3608328125 0.8684312500000001 0.3191484375 0.8389046875 0.30438437500000004 0.8480234375
0 0.28745 0.8632203125 0.29569999999999996 0.8732078124999999 0.31002968750000004 0.8593125 0.3004765625 0.8541015625 0.28745 0.8632203125
0 0.10575468750000001 0.8410796875000001 0.0988953125 0.84813125 0.1156625 0.8641359375000001 0.1263328125 0.8574671875 0.10613593750000001 0.8405093750000001 0.10575468750000001 0.8410796875000001
0 0.10785 0.8740453125000001 0.1276671875 0.892909375 0.146721875 0.8767125 0.1270953125 0.8591828125 0.10785 0.8740453125000001
0 0.084790625 0.8608968750000001 0.0653546875 0.8751890625 0.109184375 0.908534375 0.1257625 0.894815625 0.10422968749999999 0.8751890625 0.084790625 0.8608968750000001
0 0.461146875 0.9827546875 0.45005625 0.9977796874999999 0.49191406249999997 0.9984375 0.46186249999999995 0.9813234375000001 0.461146875 0.9827546875
0 0.9198453125 0.775146875 0.9472109375000001 0.798065625 0.9581578125 0.7888296875 0.93010625 0.765909375 0.9198453125 0.775146875
0 0.906625 0.7841609375 0.9339906250000001 0.8070796874999999 0.9449375 0.79784375 0.9168875 0.774925 0.906625 0.7841609375
0 0.8939562499999999 0.79454375 0.921321875 0.8174640625 0.9307062500000001 0.808228125 0.9082140624999999 0.7884875 0.9042187500000001 0.7853078124999999 0.8939562499999999 0.79454375
0 0.775146875 0.6947578125 0.771040625 0.7005734375 0.7542796875 0.683128125 0.7453859375 0.6889421875 0.7635156249999999 0.7053625 0.76283125 0.7152828125 0.7395703124999999 0.7334125 0.771040625 0.7607781250000001 0.8226953124999999 0.7217828125 0.762146875 0.6725234375 0.75633125 0.6786796875000001 0.775146875 0.6947578125
0 0.9305562500000001 0.5756921875 0.966653125 0.60595 0.9931953124999999 0.590290625 0.9533828124999999 0.5557859374999999 0.9332109375 0.57356875 0.9305562500000001 0.5756921875
0 0.9881515625 0.58604375 0.9939921875 0.590290625 0.9984375 0.5709140625 0.9984375 0.5589703125 0.9762078125 0.54171875 0.9663875000000001 0.5472921875 0.9552406250000001 0.5565828125000001 0.9881515625 0.58604375
0 0.9290406250000001 0.531059375 0.9417375 0.540934375 0.9569421874999999 0.5263578125 0.9456562500000001 0.5164828124999999 0.9317062500000001 0.52980625 0.9290406250000001 0.531059375
0 0.9168156249999999 0.51789375 0.9290406250000001 0.5299625 0.9440890625 0.5150718750000001 0.9310796874999999 0.5077046875 0.9168156249999999 0.51789375
0 0.0518484375 0.6035 0.06511249999999999 0.5905375 0.0289390625 0.5622015625000001 0.0211015625 0.5739578125 0.0518484375 0.6035
0 0.0301453125 0.622490625 0.042203125 0.610734375 0.0138671875 0.5805890625 0.0036171874999999997 0.5802875000000001 0 0.593853125 0.0301453125 0.622490625
0 0.5278765625 0.47853593749999995 0.5158578125 0.4845453125 0.530721875 0.50004375 0.5433734375 0.49213593749999995 0.5278765625 0.47853593749999995
0 0.53768125 0.46493593750000006 0.5278765625 0.471578125 0.5417921875 0.48612656249999997 0.55128125 0.479484375 0.55128125 0.476321875 0.53768125 0.46493593750000006
0 0.5379968749999999 0.462721875 0.5497 0.4548140625 0.5335687499999999 0.44311249999999996 0.5231312499999999 0.4503859375 0.5379968749999999 0.462721875
0 0.5237640625 0.46967968750000005 0.531671875 0.4630375 0.5145921875 0.4513359375 0.5098484375 0.45766093750000003 0.5237640625 0.46967968750000005
0 0.49909375 0.4889734375 0.518703125 0.4756890625 0.506053125 0.462721875 0.486759375 0.4775875 0.49909375 0.4889734375
0 0.44817343750000005 0.49150312500000004 0.486759375 0.4589265625 0.469046875 0.44722343750000004 0.4307765625 0.4766375 0.44817343750000005 0.49150312500000004
0 0.482015625 0.437103125 0.4975125 0.4488046875 0.5057359375 0.43899999999999995 0.49087031249999996 0.42824687499999997 0.4848609375 0.43457187499999994 0.482015625 0.437103125
0 0.4624046875 0.4272984375 0.4532328125 0.4320421875 0.464303125 0.44722343750000004 0.4769546875 0.43899999999999995 0.4624046875 0.4272984375
0 0.4263484375 0.476321875 0.42698125 0.47505625 0.4323578125 0.469046875 0.42539999999999994 0.45829375 0.44406093750000003 0.44785624999999996 0.4323578125 0.43109374999999994 0.4323578125 0.42824687499999997 0.4497546875 0.4424796875 0.45671249999999997 0.432675 0.4456421875 0.42381875 0.47410781249999995 0.395353125 0.46493593750000006 0.3896609375 0.3959859375 0.4469078125 0.4263484375 0.4766375 0.4263484375 0.476321875
0 0.1732078125 0.324525 0.17457499999999998 0.322609375 0.2235546875 0.366115625 0.23751093750000002 0.35352968749999997 0.1795015625 0.30482343749999996 0.1436546875 0.332459375 0.20084375 0.3808921875 0.22081875 0.3666625 0.1732078125 0.324525
0 0.12285937499999999 0.298803125 0.13845625 0.313853125 0.1674609375 0.294425 0.149675 0.2769125 0.12395468750000001 0.2971609375 0.12285937499999999 0.298803125
0 0.1023375 0.28347968749999997 0.119303125 0.3018125 0.1494015625 0.27581875 0.130521875 0.258853125 0.10534687499999999 0.27937500000000004 0.1023375 0.28347968749999997
0 0.0640234375 0.2851953125 0.11003125 0.24971875 0.0897984375 0.2328125 0.045453125 0.26773437499999997 0.0640234375 0.2851953125
0 0.0401875 0.2713375 0.0873046875 0.23364375 0.0723375 0.2200625 0.028825 0.2544296875 0.0401875 0.2713375
0 0.24966875000000002 0.2399921875 0.2774109375 0.2688078125 0.2959046875 0.26020625000000003 0.261496875 0.231175 0.250959375 0.2378421875 0.24966875000000002 0.2399921875
0 0.2946140625 0.25827187500000004 0.3075171875 0.2507453125 0.275259375 0.2238640625 0.261496875 0.23246562499999998 0.2946140625 0.25827187500000004
0 0.233540625 0.3165484375 0.2507453125 0.3002046875 0.2378421875 0.29052812499999997 0.2550453125 0.27418437500000004 0.23031562499999997 0.25375468749999996 0.1969828125 0.2860125 0.233540625 0.3165484375
0 0.6920234375 0.29253125 0.6962125 0.282221875 0.6572296875 0.278678125 0.6572296875 0.28834375 0.6920234375 0.29253125
0 0.67269375 0.24742812500000003 0.6736609375 0.26063593749999997 0.6987890625000001 0.2603140625 0.6984671875 0.25548125 0.6878359374999999 0.2535484375 0.689446875 0.24839375000000002 0.6778484375 0.24742812500000003 0.67269375 0.24742812500000003
0 0.6208234375 0.2500046875 0.635 0.248071875 0.6366109375 0.23840625000000001 0.6205015625 0.23776250000000002 0.6208234375 0.2500046875
0 0.639509375 0.23840625000000001 0.6540078125 0.2387296875 0.656584375 0.228096875 0.641765625 0.22680937499999998 0.639509375 0.23840625000000001
0 0.632421875 0.223909375 0.659484375 0.2235875 0.662384375 0.2119890625 0.6446640625 0.2119890625 0.6449874999999999 0.216821875 0.6321 0.216821875 0.632421875 0.223909375
0 0.5976281250000001 0.230353125 0.611803125 0.230353125 0.6101921875 0.2229421875 0.5966609375 0.2229421875 0.5976281250000001 0.230353125
0 0.591184375 0.23389687499999998 0.5921515625 0.24517187499999998 0.605359375 0.24710468749999998 0.605359375 0.23421875 0.59440625 0.23389687499999998 0.591184375 0.23389687499999998
0 0.7384171875 0.21424375 0.7625796874999999 0.23196406249999998 0.80575 0.1962015625 0.7658015625 0.1610859375 0.7329390625000001 0.189759375 0.747115625 0.20103437500000002 0.7426046875 0.2094109375 0.7384171875 0.21424375
0 0.50150625 0.1361703125 0.53471875 0.167721875 0.5861984375 0.12454687499999999 0.5483359375 0.09531875 0.50383125 0.135175 0.50150625 0.1361703125
0 0.505825 0.1039546875 0.5267484375 0.0860203125 0.5028359375 0.06875 0.4842359375 0.0850234375 0.505825 0.1039546875
0 0.48390468750000004 0.1262078125 0.5074859375 0.1086046875 0.48456875000000005 0.0896734375 0.45600625 0.10627968750000001 0.48390468750000004 0.1262078125
0 0.6217359375 0.081703125 0.649634375 0.050815624999999996 0.6220671875 0.0278984375 0.5954984375000001 0.0577890625 0.6217359375 0.081703125
0 0.425571875 0.00424375 0.4170859375 0 0.39756874999999997 0.0012734374999999998 0.34537968750000003 0.00042500000000000003 0.38865781250000003 0.0373390625 0.425571875 0.00424375
0 0.020315625 0.2880578125 0.040418749999999996 0.277365625 0.0237375 0.26111249999999997 0.008767187499999999 0.27223281250000003 0.020315625 0.2880578125
0 0.112584375 0.3273109375 0.12074218750000001 0.3175203125 0.0952890625 0.2959828125 0.088109375 0.30055156250000004 0.112584375 0.3273109375