0 0.2508296875 0.27983281249999997 0.2692984375 0.294040625 0.3630578125 0.2211109375 0.34316874999999997 0.205484375 0.24940937500000002 0.2784125 0.2508296875 0.27983281249999997
0 0.70134375 0.355378125 0.7341734375 0.3266859375 0.68123125 0.287346875 0.649928125 0.3150765625 0.70134375 0.355378125
0 0.7338312499999999 0.26896875 0.7648875 0.24500937500000003 0.748915625 0.23110781249999998 0.7140421875 0.25877343750000004 0.7338312499999999 0.26896875
0 0.5437171875 0.079734375 0.577465625 0.10026874999999999 0.5984703125 0.079734375 0.57184375 0.0608 0.5437171875 0.079734375
0 0.3742140625 0.41827031249999996 0.45115156250000005 0.3579 0.436946875 0.3480359375 0.42905625000000003 0.3496140625 0.42274375 0.341721875 0.34905624999999996 0.39252031249999997 0.3742140625 0.41827031249999996
0 0.4086171875 0.6706375 0.43118749999999995 0.6508859375 0.3773 0.6096921875 0.3583984375 0.6269046875 0.4086171875 0.6706375
0 0.438240625 0.6607609375 0.46560781249999994 0.6861546875 0.48056093750000006 0.6712015625000001 0.45232031250000004 0.6494890625 0.438240625 0.6607609375
0 0.418209375 0.6805125000000001 0.4455765625 0.7140875 0.4729421875 0.6937734375 0.4324515625 0.6619078125 0.418209375 0.6805125000000001
0 0.4584046875 0.949559375 0.49102968750000003 0.9806625 0.5178625 0.9587078124999999 0.483140625 0.9277328125000001 0.4584046875 0.949559375
0 0.46663750000000004 0.9974343749999999 0.4876765625 0.9800531250000001 0.4541359375 0.951084375 0.43004687500000005 0.9696859375000001 0.46663750000000004 0.9974343749999999
0 0.8342109375 0.887709375 0.8703796875 0.92114375 0.88496875 0.9082250000000001 0.859590625 0.8918125 0.8638453125 0.8863406250000001 0.8884640625 0.9051859375 0.8969734375 0.8974359375000001 0.8631765625 0.8683796875 0.8342109375 0.887709375
0 0.8385421875000001 0.710896875 0.8004468749999999 0.74328125 0.8090187500000001 0.74851875 0.7902078125 0.7620921875 0.82901875 0.793046875 0.8287000000000001 0.794146875 0.88354375 0.7492328125000001 0.8385421875000001 0.710896875
0 0.7593078125 0.5637171875 0.7816156249999999 0.5840875 0.8000453125 0.5660453125 0.7761843749999999 0.5466453125 0.7593078125 0.5637171875
0 0.7612687499999999 0.6032828125 0.7764 0.61744375 0.804528125 0.5912546875 0.788621875 0.580971875 0.7612687499999999 0.6032828125
0 0.2523078125 0.6968765625 0.2447109375 0.703665625 0.287865625 0.7266171875 0.29691718749999996 0.7196671875 0.25201875 0.697559375 0.2523078125 0.6968765625
0 0.30144375 0.717565625 0.3072625 0.7060890625 0.2650015625 0.6836859375000001 0.25764062499999996 0.69364375 0.30144375 0.717565625
0 0.9970593750000001 0.906090625 0.997259375 0.8403437500000001 0.9626515625 0.8730171875 0.9970593750000001 0.906090625