0 0.19132031249999998 0.5536890624999999 0.190478125 0.541059375 0.1783421875 0.541096875 0.17785 0.552846875 0.19132031249999998 0.5536890624999999
0 0.1791125 0.5722125 0.20647500000000002 0.572634375 0.2060546875 0.558740625 0.177878125 0.5568453124999999 0.1791125 0.5722125
0 0.17785 0.5882109375 0.2397328125 0.5907375 0.2348546875 0.5763015625000001 0.1782703125 0.5751593749999999 0.17785 0.5882109375
0 0.4215359375 0.6806171875 0.4556625 0.6353953125 0.4337640625 0.61605625 0.4374625 0.6126421875 0.4616359375 0.6274328125 0.4747171875 0.6132109375 0.43810937499999997 0.586790625 0.38058281250000003 0.6541671874999999 0.4215359375 0.6806171875
0 0.5013124999999999 0.6599468749999999 0.5598828124999999 0.7040921875 0.5838296875 0.670334375 0.5266953125 0.6270546875 0.5013124999999999 0.6599468749999999
0 0.207009375 0.49665 0.2485421875 0.527496875 0.2534296875 0.516196875 0.21338906249999998 0.48427968750000006 0.207009375 0.49665
0 0.193571875 0.509171875 0.2326625 0.5418515625 0.2421296875 0.5305500000000001 0.2021234375 0.4984828125 0.193571875 0.509171875
0 0.21892031250000002 0.48137968750000004 0.27999843750000003 0.5333 0.2888546875 0.5219984375 0.2248140625 0.47050156249999997 0.21892031250000002 0.48137968750000004
0 0.045575 0.36970468749999996 0.07346406250000001 0.3340515625 0.06279375000000001 0.3241078125 0.0312234375 0.360025 0.045575 0.36970468749999996
0 0.0082265625 0.3553953125 0.020837500000000002 0.36315624999999996 0.0341765625 0.34666406250000004 0.0202828125 0.3386765625 0.0082265625 0.3553953125
0 0.6245359374999999 0.27401718750000004 0.6378359375 0.25615625 0.6610140624999999 0.2728765625 0.677353125 0.25767656250000004 0.6263421874999999 0.21914375000000003 0.5994578125000001 0.2519765625 0.6245359374999999 0.27401718750000004
0 0.528809375 0.16713125 0.5418093749999999 0.1506171875 0.521784375 0.1348078125 0.5059750000000001 0.15307656249999999 0.4771671875 0.130240625 0.45608750000000003 0.153428125 0.559375 0.23177656249999998 0.5825671875 0.20261093749999998 0.528809375 0.16713125
0 0.16445937500000002 0.080028125 0.1983640625 0.0406734375 0.1805421875 0.026021875 0.1490203125 0.06368125 0.16445937500000002 0.080028125
0 0.1868609375 0.10424843749999999 0.22469999999999998 0.060956250000000003 0.20351093750000002 0.044607812499999996 0.1656703125 0.08608281250000001 0.1868609375 0.10424843749999999
0 0.08728749999999999 0.13124843749999998 0.106878125 0.14916093749999998 0.12535156249999999 0.128728125 0.10255624999999999 0.1099828125 0.08728749999999999 0.13124843749999998
0 0.10743906249999999 0.150840625 0.1323484375 0.17463125 0.15552656250000002 0.15340625000000002 0.128709375 0.1298484375 0.10743906249999999 0.150840625
0 0.0223546875 0.1816296875 0.047823437499999996 0.2015015625 0.09344375 0.149440625 0.066215625 0.1306171875 0.0223546875 0.1816296875
0 0.7898531249999999 0.32175 0.8180203125000001 0.3405296875 0.8274109375 0.324978125 0.80199375 0.30998749999999997 0.7898531249999999 0.32175
0 0.8194874999999999 0.3437578125 0.8432546875 0.3607765625 0.8558718750000001 0.34317031249999996 0.8316968749999999 0.3277453125 0.8194874999999999 0.3437578125
0 0.75904375 0.3640046875 0.7748890625 0.3731015625 0.7825171875 0.3631234375 0.7927875 0.371634375 0.8136203125 0.341409375 0.7903703125 0.32742343749999997 0.75904375 0.3640046875
0 0.7960140625000001 0.374275 0.8071640625000001 0.38571875 0.79865625 0.39276093749999996 0.8115656250000001 0.400684375 0.8406140625 0.36224375000000003 0.8165234375000001 0.3451796875 0.7960140625000001 0.374275
0 0.774790625 0.9984375 0.7319953124999999 0.9677671875 0.7072703125 0.99835625 0.774790625 0.9984375
0 0.8730828125000001 0.9984375 0.8816421875 0.9984375 0.887440625 0.994275 0.8614859375 0.9746703125 0.8642468750000001 0.9666625 0.838846875 0.9503718750000001 0.8286312499999999 0.9639015625 0.8730828125000001 0.9984375
0 0.687246875 0.8754328125 0.7315890625 0.90568125 0.7421593750000001 0.8898234374999999 0.723365625 0.8754328125 0.7362875 0.8716156249999999 0.7465640625 0.88130625 0.7542 0.869265625 0.7122078125 0.8410734375000001 0.687246875 0.8754328125
0 0.1896421875 0.6222515625 0.22378125 0.650765625 0.2339109375 0.6436375 0.197321875 0.6105875000000001 0.1896421875 0.6222515625
0 0.25240625 0.5938765625 0.1812625 0.5888234375 0.1812625 0.6048218750000001 0.25324843750000003 0.6073484375 0.25240625 0.5938765625
0 0.9582453125000001 0.080590625 0.98330625 0.09975625 0.9921515624999999 0.08825625000000001 0.9654906249999999 0.069790625 0.9582453125000001 0.080590625
0 0.94763125 0.0953328125 0.997459375 0.1345484375 0.9984375 0.11803593750000001 0.958028125 0.0850390625 0.94763125 0.0953328125