0 0.39228593749999996 0.519203125 0.44942656249999996 0.5681015625 0.49283124999999994 0.5170046875 0.43404218749999995 0.47195312500000003 0.401078125 0.5120609375 0.39228593749999996 0.519203125
0 0.2370703125 0.334928125 0.24173125 0.3046390625 0.2458078125 0.3046390625 0.24930312500000001 0.2871640625 0.243478125 0.27842656250000003 0.234740625 0.2592046875 0.1968796875 0.25804062499999997 0.19629687499999998 0.2749328125 0.181153125 0.2708546875 0.1823171875 0.2900765625 0.175328125 0.2912421875 0.17590937499999998 0.3058046875 0.187559375 0.3104640625 0.1834828125 0.3250265625 0.2370703125 0.334928125
0 0.060578125000000003 0.1957140625 0.0745578125 0.20386875 0.1042640625 0.1706671875 0.0996046875 0.166590625 0.11241874999999998 0.154940625 0.1042640625 0.143290625 0.10251718750000001 0.13921406249999999 0.12115625000000001 0.15261093750000002 0.12989375 0.128728125 0.1199921875 0.1217390625 0.12406874999999999 0.119409375 0.13571875 0.12698125 0.1467859375 0.11649687500000001 0.09261562500000001 0.06815 0.017474999999999997 0.15028125 0.060578125000000003 0.1957140625
0 0 0.134553125 0.0733921875 0.037279687500000006 0.02096875 0.001165625 0.001165625 0.0198046875 0 0.134553125
0 0.6080953124999999 0.2584265625 0.6337734375 0.27918750000000003 0.6463390625 0.2551484375 0.6173828125 0.237665625 0.6113734375 0.25405625 0.6080953124999999 0.2584265625
0 0.6272171875 0.2305625 0.65235 0.2524171875 0.661090625 0.24094375 0.6654625000000001 0.2289234375 0.6397828125 0.211440625 0.6272171875 0.2305625
0 0.6463390625 0.20816249999999997 0.6862234375 0.2420359375 0.7042531249999999 0.2223671875 0.6599984375 0.187946875 0.6463390625 0.20816249999999997
0 0.8665906250000001 0.41624999999999995 0.9259765625 0.47123593750000003 0.9485203125 0.43054531249999994 0.8957328125 0.3838078125 0.8753890625 0.41185 0.8665906250000001 0.41624999999999995
0 0.9072812499999999 0.377759375 0.95731875 0.4222984375 0.9809625000000001 0.3909546875 0.931475 0.345865625 0.9111296875000001 0.37555937500000003 0.9072812499999999 0.377759375
0 0.9270765624999999 0.1864046875 0.9633671874999999 0.217196875 0.9859109374999999 0.196303125 0.9408218749999999 0.164959375 0.9270765624999999 0.1864046875
0 0.941371875 0.242490625 0.9600671875 0.221046875 0.9237765625 0.19025468750000002 0.9078296874999999 0.20950000000000002 0.941371875 0.242490625
0 0.6903828125 0.0757578125 0.734896875 0.026537500000000002 0.710071875 0.0077046875 0.7130671875 0.000428125 0.67411875 0.001284375 0.6433015625 0.035953125 0.6886703125 0.07361875 0.6938078125 0.07105 0.6903828125 0.0757578125