0 0.160165625 0.91523125 0.262734375 0.9404796875000001 0.2643125 0.9254875 0.1593765625 0.8986625 0.1593765625 0.9128640625 0.160165625 0.91523125
0 0.1546421875 0.97835 0.16174375000000002 0.9665156250000001 0.1246609375 0.9452125 0.117559375 0.9546812499999999 0.1546421875 0.97835
0 0.1775234375 0.8994515625 0.1783125 0.8844609374999999 0.16174375000000002 0.8805156249999999 0.1625328125 0.8939281250000001 0.1775234375 0.8994515625
0 0.22801875 0.912075 0.2288078125 0.8955062500000001 0.1980375 0.8899828125000001 0.1980375 0.9041859375 0.22801875 0.912075
0 0.19409218749999999 0.9846625 0.2019828125 0.9736171875 0.1388625 0.9310109375 0.1317625 0.9428453125 0.19409218749999999 0.9846625
0 0.170421875 0.9984375 0.19093593749999999 0.998075 0.16174375000000002 0.9838734375 0.160165625 0.992553125 0.170421875 0.9984375
0 0.2998171875 0.82923125 0.31401875 0.8079281249999999 0.24300937500000003 0.7605890625 0.23196406249999998 0.7787359375 0.2998171875 0.82923125
0 0.256421875 0.7440203125 0.2469546875 0.7621671875 0.2698359375 0.7771578124999999 0.2769359375 0.7708453125 0.2895609375 0.777946875 0.28561562500000004 0.7858359375 0.32033125 0.8039828124999999 0.33137656249999997 0.7787359375 0.26746875000000003 0.7384968749999999 0.256421875 0.7440203125
0 0.2519796875 0.6152875 0.259628125 0.605515625 0.24433125000000003 0.5948921875 0.23880625000000003 0.604665625 0.2519796875 0.6152875
0 0.288521875 0.6403578125 0.295321875 0.6297359375 0.271525 0.6131640625 0.2643015625 0.6237859375 0.288521875 0.6403578125
0 0.2460296875 0.5936171875 0.3004203125 0.6271859375 0.30764375 0.6178375 0.254953125 0.58256875 0.2473046875 0.5940421875 0.2460296875 0.5936171875
0 0.30764375 0.6140140625 0.3140171875 0.6033906250000001 0.27535 0.5757703125 0.2698265625 0.58809375 0.30764375 0.6140140625
0 0.22265937500000002 0.550275 0.21671093749999998 0.5596234375 0.24050625 0.5770453125 0.24560468750000003 0.569396875 0.22265937500000002 0.550275
0 0.21925937499999998 0.5808687499999999 0.225634375 0.5710968750000001 0.21416093749999998 0.563446875 0.20736249999999998 0.5723703125 0.21925937499999998 0.5808687499999999
0 0.3161421875 0.4856859375 0.32591562500000004 0.4725140625 0.2694015625 0.432996875 0.260478125 0.44744375 0.3161421875 0.4856859375
0 0.358209375 0.51628125 0.3684078125 0.5035328125 0.328890625 0.47591406249999996 0.31996718749999997 0.4916359375 0.358209375 0.51628125
0 0.37308281249999997 0.4907859375 0.3849796875 0.4750640625 0.3471625 0.44871875 0.33866406250000003 0.465290625 0.37308281249999997 0.4907859375
0 0.3046703125 0.44701874999999996 0.3148671875 0.43512031249999994 0.278325 0.411325 0.2711 0.4227984375 0.3046703125 0.44701874999999996
0 0.40750156249999997 0.462315625 0.4385203125 0.41897343749999993 0.37478125 0.37393125 0.3437625 0.4210984375 0.40750156249999997 0.462315625
0 0.502515625 0.343515625 0.5090578125 0.33337500000000003 0.46521875 0.3049109375 0.459984375 0.3137453125 0.502515625 0.343515625
0 0.5156015625 0.3323921875 0.521490625 0.323559375 0.4678359375 0.28724531249999996 0.4635828125 0.2937875 0.5156015625 0.3323921875
0 0.5250890625 0.31930625 0.5309781250000001 0.312109375 0.47634218749999996 0.27579375 0.47241718749999995 0.28331875 0.5250890625 0.31930625
0 0.43544687499999996 0.2986953125 0.4436265625 0.2892078125 0.3991328125 0.2607453125 0.394553125 0.2679421875 0.43544687499999996 0.2986953125
0 0.5555140625 0.24405937500000002 0.5627125000000001 0.23588125 0.5237796875 0.2103625 0.5185453125 0.22017812499999997 0.5555140625 0.24405937500000002
0 0.5666375 0.23097343750000002 0.5744906249999999 0.2214859375 0.53326875 0.19564062499999998 0.5286875 0.2044734375 0.5666375 0.23097343750000002
0 0.5610765625 0.2067640625 0.5682734375 0.19695000000000001 0.543409375 0.18091875 0.5381750000000001 0.1897515625 0.5610765625 0.2067640625